9078063775
9437200811
9348646839
9717999451
7978231330
+14168765540
+22964192302
8270237848
nan
7548013411
9776527516
9861705550
6371576621
9556490550
9861428280
9937225544
7008358142
7008369004
8249944299
7008315925
8877227722
8018060111
9853979028
8588075661
8249219504
9361535410
8895360198
9437495434
7008427817
9489002797
8658437795
9583857075
9439000001
9438912454
8984246885
9438122837
9438866500
6376148625
9948028953
7008681691
7978407785
9040794241
9861111113
8600672710
8018099860
9692597185
8328894980
7008650875
8319850826
9778258737
7077105222
9938467194
9437960868
9853409030
8338000007
7848895088
6371958107
9938311257
7008095133
7406345345
7991022269
7855990056
8260704418
9861420500
9162207481
9937552969
9337677909
8144550380
8249219504 
8457980137
9890595910
7327919170
7008086325
9821948969
9078688127
8697598386
7008317979
6370609411
9437964473
9437254588
9437083447
9437248634
7008546876
9438028117
8984327544
9437198482
9437209420
9040016000
9348710530
9556443403
9090791822
9178500111
9439794407
9437057188
8270409287
7077027115
9437046861
7389835971
8327707470
9437044283
9437346158
9861009638
9437039582
9438247111
9861091831
7978916662
9437192155
8480767929
9776503311
9777207294
9437047616
9438877463
9873033287
9583832274
9438226062
9178312436
9937164086
9090801070
9437063539
9437246722
9416301239
9937203971
8280103351
9337257512
9178873835
9238306194
9437054610
9755580087
9040724900
8018891933
9538242200
9337067606
8895155284
8895492122
9938344870
9437206590
9937078623
9437492094
9937280491
8895523111
9937766118
9937473326
9438877412
9437495747
9438190233
8327760097
7978300988
9438448048
8895767143
8294477198
9437152403
9437402409
7676445097
9438066955
9437880327
9437048323
9861196595
9437255942
9777262871
9891250557
9437139247
9861269332
9437226751
9938166905
9337400092
7008900552
9954707713
9437052461
9124230021
9938628331
7682860204
9438015670
9437676577
9886522657
7853013087
9777959850
8658319824
9776504030
9937080076
8917351206
9853036009
9437106806
9338845451
7893913720
7077700319
8917475005
9685963810
7751961133
9438307223
9238440092
7894011859
8050711968
9938110363
9437044061
7972641569
7008705504
9437202828
8249222572
9040155786
9178124949
8660863913
7008630355
8895153174
8328875099
9437420054
9861058608
8249447970
9937035317
9337321739
9668431880
7606011633
9778656525
9937060027
9583178697
9178479622
9090943436
9348687552
9777578758
9937888590
9861343117
9937304766
9861421157
7205383707
9437152670
9861978009
8280666393
9337195289
9437110193
9090541595
7008294476
9340561911
9451444352
9437139039
9437109780
9776574846
9685707172
9963522777
9337642150
8847871593
7205153185
9437648513
7978416858
9827292195
7848005506
9090007222
9437223618
9384602030
9437407323
9438626308
9337843569
9861039392
9556396111
9337776374
7678612229
9437082821
9437574390
9121464418
7377289891
9777714927
+17656802386
8260340553
8093298092
9437577300
8280572476
9438626298
9425471720
9040556659
9438090709
9438579929
9437042624
7787826999
9668677932
9732525003
9981198007
9437102917
9238372865
8763626864
9826888823
9437000723
8984209499
7205353546
9583781822
8637233353
9937166553
8895049790
9937531369
8908255371
9739939135
9437060005
9437334893
9470988888
8977889627
9861743326
9337642002
9692984448
9439944404
9861417477
9861427107
9916817717
9437000492
9937085343
8404925938
8456904403
9500005236
9040608708
9437353518
9776877888
8018043863
9437348568
9437000733
8118069595
7894564065
9937741640
7846947955
9556869154
9439574970
7681879105
7978527475
7749900743
8260533328
9437154121
9938732959
9439942880
9178405077
9040124314
7852941723
9937472072
9777078274
9937087460
7008931521
9337153916
9861033517
7008480771
9437392596
+17478177655
9556671755
9337139963
9439327821
8917679133
9861147718
7382626814
9937417333
8599003199
7600995050
7379163142
7873648585
9040080188
9437041880
9338899441
7008316932
9338472170
9853026263
9040499902
9348676202
9438494533
9777049981
7008586476
7978704806
9040364006
9853192786
9437542542
9937200117
9583345781
9937373788
9438160272
9439534251
9861150005
9658177177
9437192727
9437082454
8339099894
9861070790
9004903784
9337577792
8917228991
8895757103
9937525255
7978144976
9437088977
9078428824
9437085589
9861164402
9437148704
9439536095
9437066083
9438335016
9073971025
9861229505
9338267455
9439102217
9866984547
9438444111
9348828201
8908532313
9437085128
8112169169
9090233004
9861294981
9090688200
7894010197
9937492657
9778692222
9437830000
7008715743
9078549666
7978738757
9437974449
9439205918
9853009900
9778971167
7008564915
9800952071
1155223355
9040024110
9861441292
9777399512
9438441200
9937092333
9437047463
9040465774
7373991599
9439943334
9777909606
8456872151
7205449952
9742488903
9861248751
9337281369
8637270034
6371633809
9776144707
9439232948
8658341661
9938537061
903158797
9937568737
9090219643
9437247432
7738135955
9238569844
9040742220
9438907604
9897017504
9371291203
8917288462
9438000352
8093277068
9437058370
8984495400
9437046103
9178629423
9861081212
8249811513
9437053866
9437420420
7008298356
9937028982
9930673302
7008797375
9861112265
7077116123
9937165155
9937043224
9658266933
9789634107
7873588921
9078010037
8095565234
9438621453
9668062063
9338854611
9861474921
9437345891
9437046586
9438511557
7752053794
9861164060
9439894478
7978795749
9439867755
7978557159
8143227718
9437882225
9437083329
9861052239
9437104299
9437573417
8102928219
9778061222
9777151678
9338183638
9556557745
9438386787
7008452435
9040687568
9437040605
9776710005
8455867924
9658156730
8969650460
9338571565
9668494150
9078010057
9861304335
7259744880
7205061616
8105220220
9937804547
8002093907
9337599999
9438328195
7598641902
9040320326
8763634151
8338974544
7847888494
9777457201
9439783816
8018418056
9937610167
9556402918
9861338145
8169208272
9937016501
9437254200
9777555001
9438154621
9937012652
9090090190
9937045761
9937170444
9937992793
9438188547
7008970816
9438879756
8971578592
6371819025
8763353136
9777478493
7978915696
9437045120
8667650639
9937373383
7008697772
9348018162
6370002698
8917271491
9437115808
7738185602
9937803159
7894107794
9437213969
9437054121
9583555557
8280051557
9853347616
9337349105
9437078950
9437151254
9437369009
7504254638
7978949557
9453001078
9668007370
9778148217
9937004479
9692148999
7381292929
9438003604
9692443604
7848027877
9437158580
9437052463
8658652214
9937051374
9338121561
9437157075
8338827159
9437667947
8847819823
7702683636
9777128950
8260812104
8142455565
7854998327
9437245715
9178149029
9238358789
7855010000
7008986868
9861237535
8457087784
7978435563
7853061231
9337676630
9437053539
9237347103
7062929295
8770698352
7205008358
9438442284
9777456999
9437234904
9937828134
9937560409
9937500341
9776022211
7894441422
9437665190
7381114444
9778428999
9437903475
9078387385
9937270881
9437619311
9075374366
9937965335
9090209876
9437075863
9937898567
9438786193
8337949494
6370311022
8328889671
8895785689
9938373527
9718715140
9937117221
9437359187
7008433520
8763735234
9040132032
8917681518
9438047912
9937330563
7064680000
9437054212
+18456000915
9283275683
9777444357
9861170621
9437170453
9937566793
9337744144
9438115555
9861661614
9437080883
8908887301
7735904001
9938067770
8249981751
8895953262
7377118958
9437145010
8093359236
9439435378
9437046973
7077526600
9437201410
9124422222
9437066301
7008930821
9437069141
9337812045
9426552606
9937425521
9439491308
9937020534
9078706961
9937033537
9794827313
9938052824
9853477447
9937107705
9776520888
8917374260
8917517497
9439224786
9078290923
8093296315
9439184851
9938562517
9437033584
7827047009
7008681624
7978511137
9437067916
9337751730
8895429402
9937726424
9439573217
8598094848
7873006725
7064831765
8917554306
9481057328
8917664944
7008173807
9556014234
9861775828
9438200498
9938791917
8763916929
9937183777
9437693196
9438386192
9439875165
7008269268
8073344370
9861560734
9937654459
9437145991
9437107338
9861826880
8763347235
9777899693
9938014226
7504037444
9853469282
7978220091
9778886633
9437305288
9556949872
9938195712
9937738738
9337739868
9861096054
8763322516
9178601974
9438188056
8895098656
9437401345
8895532841
9437055326
9439486710
9439869285
9777171351
9348015338
7609845802
9937005068
8895501126
8917338138
9438261590
9776561663
8456080090
7008134353
8018177702
9861888663
8249272186
9437210886
9437974115
8249136508
9338574430
9860381638
9338089477
9583987897
9434347345
9692296403
9437813773
9438626316
8280275701
9040012398
9777400302
9437578781
6370132844
9437601605
8018217782
9776904156
9437602102
9439302139
9438914371
7752020788
8895432879
9040520335
9861811225
9861893063
9937591316
9778210101
7978892617
9437065593
9777056305
9620084411
9777445500
9438319069
8984221890
9438718133
9827388038
9430747413
7077849205
9437121707
9861324117
9178026319
7978659347
9937062974
9437370435
9438211714
9438549717
7894853854
9337635431
8598043163
9437094370
7978778412
9337550421
9439877912
8147188952
7903225909
8917448376
9937591330
8342913023
7978784178
9861068053
8080339772
9778868888
8602008603
9437328150
9040225006
9437307297
9437961746
7381231111
9437501044
8380927697
9861522612
9124563851
7682999307
9438068982
7377001786
6552058970
7749850999
8018425652
9437183333
8373969429
7682821757
9438024469
7008656058
8964830658
9437652164
9437210636
9437120556
9040002991
9439064482
9178451743
9439756969
9336533976
9439872613
9439207713
9438111000
9583580555
7504937277
9437575001
9437837111
7205574239
8984144243
7903228479
9937289224
9938166862
9777289002
9437970596
9090891801
8984598742
7787990228
9861284847
8801007456
7504546051
7077704071
9777948878
8763175176
8455890237
9861660379
8763186290
8917311582
9861727245
9437050398
7205161329
9583527377
9692068105
7978779224
9437352117
7765959289
8895502391
9162824644
8457042983
8658960085
8908545861
8270979850
9040992786
7752020117
+18456801551
9114314456
9437159563
9337066809
9438090550
7389845435
9776484517
9861429014
9337767162
9556355999
9594731113
9437116822
9337322253
9437175980
9437257723
8979643434
9437393408
9040666921
9348559231
9937195955
9439032119
8457884049
9692263045
7978164524
9348761166
9002086934
9556748486
9861036382
9438232960
9090354548
8596000085
9938585215
9178493678
8018485218
9861358341
9437076780
8895592959
8908085767
9337642197
9556585338
9337132355
8420020940
9337958046
9437482846
7724870654
9776636365
9853322994
9437141502
7873000519
7894459518
9493889872
8260643716
8895058499
7978682467
9338365980
8144425063
9471542980
9437601296
9438435881
9438833045
8144875842
9437351887
7408901000
8895468751
9861093683
9776959477
8658064266
9937642722
9178049360
9938122934
7008699266
9777571784
7381244248
9937457927
8847811951
9437546307
9021151912
8249219287
8917208995
9861043389
9437433147
8408801294
9776882299
9437758034
9861412710
9437601076
8984685893
9337787762
7898909276
9178721431
9668697663
9437033145
9556187097
9078201240
9437121269
9658016786
9437172645
9337066809
9937340800
7739477969
8917323966
9437142115
8763477449
9438000516
9437667987
+966562868736
7735558049
9437806418
9776109960
+18763059925
9437040194
7735749077
7873250269
9438641686
9238943323
9437129465
7978645454
8455077726
9437832032
7205542763
7894417941
9861034819
8917389238
7205265563
9078861882
9437285542
9090343466
9777177256
9630048881
9439657402
9938630423
9861168277
7008601442
9437121519
8847843388
9658831538
9438878874
9437342526
9511245907
9861194408
9938428030
7903520749
9437056068
9937524160
7205510809
8847882394
8338935109
9777720224
9337175594
9937070556
9238413062
7077145273
7978988648
9776125094
+17735192200
9040488150
9668553253
9437989999
8328988298
9040234081
9938630426
9438488128
9438514070
7978572033
9348079703
9583651555
9437053525
9589948900
9668260401
9937441430
7008537115
7848974787
7043331402
9777254379
9437345777
9556443113
8984205419
8093953101
9937814968
9438312330
9337666877
6295551885
9338503001
8093980103
8895202886
9438386216
9437501111
8755466099
8328873865
9668129530
9437736410
9438266663
9937518736
9437346797
9439642143
9437375353
9938625090
9437220292
9437024975
9438802625
9439427806
9937302819
9078010011
9437052295
9937835566
7978091501
8895968943
9437127211
8117078836
9437409800
7987033766
8457954294
7894807676
8895045386
9437247949
9437173333
9348848389
9439533081
8260014374
7873201915
9337817784
9437052339
9776422255
9556147034
7008356094
9777949767
9938486011
9438026868
9437853429
8722358888
7608928735
7846965743
9437341039
9861504897
9437970602
8093340058
9437193499
7978108962
8895324032
8917384353
8657467661
9806511960
9439545993
9437550800
9853331411
8114703909
7978071445
9439973215
7377748495
8917286321
9937874141
9937484096
9471501145
9999889116
7978506040
6370007641
8895501952
8895136723
7873475222
8480590576
7750098186
9437031037
8249347621
9435352454
7008706958
9337118296
9437880068
9437530001
9178870364
8260395644
9937541444
9937026316
7838643523
9438565668
8917633658
8917642227
9438818444
9178741744
9937338901
9777307103
8008589679
9937813391
9504560367
9040334485
7978156467
9437146810
7681805491
9437130549
9437257118
7008095120
9437417800
8599010599
9437441190
7684060147
9861564455
9437629388
8338991332
7978081517
9853600764
8847845209
7978203426
9937257111
9668863233
7539094498
9437153372
8895501417
9937466459
9937378346
7043577960
9437963284
9337929069
7540916970
8917264241
9179064841
9438144768
+18144053776
8260701999
8260065137
9668275658
9438370101
9437340130
9873894849
9437419997
8260492800
9437420984
8521008810
9439164798
8114395707
9337698535
9861014212
7978040581
9938490686
9861403631
7978203126
7381612865
8085058960
7724811541
9438727416
7655849663
8637254262
9437134039
7894410738
9869537643
9899394937
8926179494
8249184770
8260494928
7978125300
9040505741
9178672827
7022466118
9968981350
9776353430
8249396475
9556019968
7873695432
9776997893
9437152800
9937298906
6205794113
8118099503
9937775841
9438352890
9437198900
9437202022
7999563247
9040338943
7008000467
9438277657
9438398741
8599010521
9556606666
9937251217
9438626608
7992700000
9778539977
7894439766
9932987908
8895504345
7978083596
7809819483
7948943971
7682810171
9040165283
9717044484
9853071808
9987010817
9903302807
9437380447
9861498403
9078939338
9040747137
8763645189
9861644837
9437767676
8279396755
9584004001
8884151027
9835080199
9090889788
7978971227
9937474886
9437104400
9776148904
9937126444
7978363517
9439781786
9692930093
7077147888
9178861187
7008794269
8926020897
9556134066
9437327392
7978452709
8056201404
9437059113
9437172190
9776590905
9778571002
9937105118
7008690905
9437115527
7008290483
9937394111
8658646567
8892040621
9441046380
9777342080
9040443063
9938301116
9437049910
8895504085
9178343255
9437021457
9861294774
9777549474
9040308886
8338914498
9438879881
7205207413
9439050219
9861188710
8093305040
9938042626
8984009931
9827378338
7008770985
9437084049
9040353336
8792144120
9439276248
9337822250
9853174141
9437153056
9238322423
9437115871
7978191471
8328972303
7004614142
9437964204
8908909483
9439078767
9551912994
9937394444
9692062888
9658248055
9454331807
7205808092
9338798371
9658522574
9178347357
9692879309
9338451873
9583563744
7653967040
9438333390
7852907548
9439420897
8827477445
7978782017
9777456982
7389965555
9937297886
7978486765
993705285
7008082903
9438386328
8966062200
8249593298
9437057001
8926030826
9439394634
9437048546
6370322621
9437249273
7008163650
9040887198
9438247333
9668828314
9300813504
8327723408
9337534181
9438484248
9132840536
9938550533
9861087987
8455868156
9937522874
8280189622
9108207766
9937148555
9090464848
9975806649
9090304346
9348506302
8455868079
9777582685
9178213003
9668200666
+7978943971
9937297829
9692255100
7978530750
8917582798
8908020555
9337669598
9337887041
9861586294
7008661724
9439767339
8260777550
9090914502
7381026726
9777082786
9078162265
9500165388
9861032113
6371932216
9667462801
9437059697
9937215383
7978792720
9124494076
9042628408
8457055007
7978309132
9583924739
9853318707
9861724992
9668281021
7381790000
7077743201
9124994887
7008508799
7587445729
9937763777
8763501206
9437255786
8763165520
9040884776
8249906967
7978629108
9583416704
9583665566
8249181566
9090555321
9337683164
7008845915
8456093778
9861319640
9861744091
8984348626
9658229911
9801384339
9337612855
9439087070
9692914118
7008542128
7771814441
8895917785
9035604047
8093890217
9131159944
8144344616
9348729845
8847862996
7381544134
8090178955
7504552810
8984360643
9611249810
9938383806
7008969659
9439040401
7008980380
8910735167
7008613369
9437058344
9534021389
7077473804
7978908722
9437146063
9693495191
8658622019
7381111164
9886949713
8895500817
7077743311
9124914036
9853380164
9556572377
9439950366
9205586939
8260591038
7751828187
8249464850
8249281502
9853620525
7008186800
9876543210
9337976985
7381013609
7978750408
7948214684
8328915453
8018211821
9692841054
7978821199
8458018788
9337645341
9937056623
7809808650
7377090377
9124093555
7873191234
9938678523
7381788094
8328952791
9861056343
9439777128
9884011428
7978545537
9438058094
8977174441
9937015459
9437196676
9777403471
7205732181
8599006333
9439790655
8455095020
9575154162
9348872859
7000095702
9425826804
8093297502
9437219090
9438845820
8895514859
9439942901
7978016603
9861111303
9437316745
7750909224
9776059878
7377432923
8349956126
7033394447
9753743377
9439533302
9437566758
8763801187
9348243096
9437053642
8093024764
9937252465
9438877408
9861029984
9438907677
9437041611
9040904074
7682860191
9437194609
8658293545
6372116160
9437222628
9937204543
8018060803
9040315471
8270010187
7381981016
9337559897
9861779677
8260763890
9438546307
7719086870
9630016054
9776655939
9437045951
8917261944
9439956457
8895124396
7999808482
9861008489
7978756895
7735947257
9937660017
8849531930
9606808438
9437324761
7008548218
7008551244
8602088263
9861426831
9938389499
+18895442384
7978520840
9337597385
8249562685
7377775518
9113197712
7676016375
7797892123
9861368591
9178378622
7381162009
9776854793
9437837894
9437502297
7377557377
7978583458
9040055575
9692190439
7655841879
9437266829
9938320054
7978503512
9437056597
8121821839
9938770170
7381441189
9178258537
9437249189
7873293383
9437137858
9437328812
9938181507
9937378755
7008600691
9437338341
9090235045
9583188977
9438573069
7381991699
8895914299
8875967194
9827748415
9692220001
9090235405
9777879700
9937118036
8327763682
9437758702
8249061110
977687696
9437414114
8815567268
9937590308
7008764864
9853351661
7750031474
7978697692
9438606160
9434777168
8280116611
9937705848
8018412415
7717720035
9437972510
9993412562
9938562427
8598938355
9437152119
9439392281
7008943962
9040535601
9861366570
9692551811
8948991513
7751864828
9437347359
8328963290
8456885096
8093475367
7008251208
9766453890
7008353181
9778177776
9938423722
9937365831
9937243735
9937444955
7008601009
700890333
9425534683
9776947230
7894561662
9175823925
9937529970
9937005664
9861044439
7978215520
9999229999
9437979395
8008687333
7974140644
9650697373
9937503337
7064415307
9658111162
9556144702
9263634233
9437160466
7077037844
7377118782
8895444404
7327032146
9861642737
9040166256
9711190475
9542505215
9981741797
8763906993
8895609783
9437059641
7049850000
7008206715
9930617796
8770467102
9263894307
9777817522
9439596959
9937048444
8978172825
9937328407
7381064350
9437220539
9658714927
7735522220
7077063684
7537913162
9770598789
8260555400
9937013565
9439695829
9937815999
8260904618
9776827766
9437056802
9937771228
9938320083
9938536299
9937510833
9438400447
9937404565
7008798400
9399678586
9937093750
9861351337
9754328876
7008929637
9437033236
7008770983
9937420678
8249529300
8658400205
7735802249
9938533099
704481481
7396455125
9937294017
9437684775
7458011723
7684074698
9131033760
9776698124
9777412369
7488349927
9934969226
8249785931
9124859561
8637203388
8895092564
9227295502
9437127171
9121231142
9348937827
9972446693
9438479697
9438514878
9771814686
7894066903
9437047792
9777666525
9111006027
7606011603
7461927506
7044481481
8458013580
8917489100
9853422021
9583139523
9776758942
7735745602
9439639211
9938014124
8847818772
7978202103
9937077940
7008931202
9437057004
9437420056
9437222653
9437348786
9777347700
8763026868
9642804727
7427893783
8895700340
8018043222
7253800710
9937696916
7008351811
9630239140
8249174900
9424149761
9776876078
7751856476
9337913151
8917489181
7978353597
9827255020
9556995727
9437168562
9437254400
9438122133
7978973731
9668206056
9438093343
9437429891
7873428979
9178304245
8908579892
9337447817
9741091062
9490312983
8093541484
7000371599
9338472811
9583545004
8917596808
9437048218
9439432048
8051223280
9438648327
9776711311
9937488951
9090660640
9668494878
8895501350
9437244916
9090301285
9348622095
9437333191
9853944535
9937560507
7008703563
9691764725
9861121943
9776499181
7066019235
9583639374
8249124139
9938311204
8763474939
9438180796
8889487861
9124069761
9262294389
8763578437
7681812199
9937747993
9650697476
8839870035
6370149643
7978086517
9776145309
8144429403
9337938122
7892356791
9337128483
8908666908
9861960033
9777893783
8770914838
9040938040
9777451287
7008136754
8596827999
9439949362
9680924899
7978282182
9776197768
8976805678
9777095745
9178451731
9861724954
7978932044
7797087227
9771416107
8895395900
9439365263
8457891410
9438007715
8926078165
9534115559
9301268082
8093900388
9113741372
9437540202
7978535451
8457042841
8637297139
9964100517
8917321051
9570008237
8239781552
7608807679
9861284384
9178951576
9937019462
8093617581
9777822563
8984958984
9658383751
7978484257
9778083457
9937773355
8455868144
9937574708
9438523785
8270933944
9861634243
7008324132
9668436497
8895870484
9658060108
7978599387
9300621181
9437225106
9777458359
8280709009
9583580560
9777487105
9439431496
8085105100
9439033975
8917641940
8658123123
9337352190
9861990591
8599963584
8018043061
7205535343
9737193032
9937107078
9937926267
7788932366
8908692111
7898905467
9937306657
9439000320
8895265449
7750075612
8339007477
9437089789
9438785459
9853576750
7978655294
7980995803
9777026513
9938563036
9124703378
9078359284
7852944411
9937890130
9938503298
9464867969
7008607892
9237061704
9439087561
7008113882
9437052120
9777811227
9438877311
7008433797
9778907777
9437083314
8917582038
9903214726
7855009955
9777601095
8895325373
9668066144
7008566388
9938817719
8249012225
9237063773
9438275191
9861261510
9437933182
9439222814
9178419555
8447062072
7903296664
7008294674
7605978244
8658191018
9891950751
8249735952
8763779255
9937928906
9178766239
7504476082
7008451107
9437062366
8114789552
9583851841
8597738065
7684059441
9981936064
9717246491
7978029675
7978354200
9090237339
9937058650
9861006680
9437349338
9437051777
8093028734
8895494892
9853204489
8327747539
6206025138
9348383614
9040660878
9437402459
8597736065
8339099891
7325904820
9078979744
9326277660
9040030636
9437063084
8895948548
9437366360
9861058315
8093688210
9263089627
7978688728
9438472777
8895128745
94396 33177
9937294323
9937457076
7608956482
7008410930
7539841388
9439392494
9712907370
9583361718
9238449193
9437193032
7327956809
9777137555
8457913611
7978586197
9437139470
8658687099
8280062988
+98457913611
8658687099
7504608446
8895504248
8118093151
9437046453
9777433444
7978901674
6370810550
9937207866
9937072187
8455969763
7205008106
7838716971
7008926421
9861868559
9937665987
7008651018
7682829032
8249603912
7008737273
9937903767
9437179817
9078222480
9938938886
9160481948
7873000006
8926006865
9937055439
9238306217
6371777958
9861256648
9040639913
8456814354
7978335331
7008837673
8281170015
9337350095
8280233957
7381840646
9937019783
9692397410
9040434440
9040880407
8117826063
9827314551
9040501395
8280014170
8249895507
8895500565
9090300930
7749027350
8895500949
7735752487
7381052643
9778442080
9437116177
9438624803
8249887513
9861160804
8260490955
9437145266
9040521800
9861576678
9778061284
9937645061
9861184209
9437340742
7978185441
8763798102
8895763226
9437647286
9861153000
9439552281
9437139422
9437083038
8327792029
9437920140
9438392828
9861955756
7848800441
9438209350
8763323074
9348328446
7008136355
9437265380
8249149615
8455822753
9040515846
9861295370
9437198921
9337883976
7656019334
9938423319
7008765208
8908275255
9937260444
9998989990
9953947822
7903235693
9438045673
7008055473
9938838662
7205700601
7381612134
9437153023
9303755720
7978369118
7008283811
7008574674
8558879038
8709343029
8895838505
7008357588
8249312188
9658872017
9348152729
7008341875
9861183728
8763282712
8249787637
8861455185
9040043988
7978214684
8077357927
7008322645
7903240934
9949768921
7978914011
8249983162
9658513067
8018500427
7751939979
7008918342
9658521844
9438392911
9011752593
8144443956
9937430418
7684006782
9938090100
9060284196
7008018155
7999705369
9437874563
7978354200
9778484601
8908530326
7008574674
8763282712
8260273815
9668569992
7752026257
8861455185
9937072631
8959122221
7064007111
 7977082266
9583529869
7291855514
9078552433
9777467492
9124549508
9937259969
9583254981
9438240090
6370632590
9337793388
7008575863
8763905325
8249363970
966856992
9861127237
6370139569
7008409917
7008904104
6372818500
9439492775
7326005878
70776 46664
8018043205
8093156358
9348149061
7681899405
9438426379
9861449840
9120606753
9438125617
779911575
9937871601
8050336592
7978813906
9348576656
9078342065
7978643173
9078695017
9437609153
9337556265
8147220654
7204725919
9182696324
7852954535
9742011133
7978026776
9035827154
7978448095
9437409743
8975645345
9776261455
9439733226
9777981111
8984584480
7008571634
7978260734
9827948185
9778852193
7752020987
8339991758
8270168924
7978868234
9937061970
8249341915
8093107612
9429001315
8877744421
7377769329
9337806904
8249077760
7008261671
7000591159
7008083026
7988036274
8861613895
7008872366
7008285896
9938618900
7008327563
9776580187
9938034884
7008228949
6370835640
9438855118
7011375355
9937742409
7606011668
7327801400
9937217027
9861003555
7008567833
7008567833
9861003555
7978656936
9439533478
9861036786
9437194159
8249019659
9439536068
9853045520
9692520508
9701257829
6370413933
9439230405
7008086325
9523725483
8895916987
7008029994
9348862336
7980807728
9438168380
7569742438
9078692507
7008907274
7980807728
7008029994
9861712345
7327983057
7682867926
9300001541
6207188475
7978128835
8249341915
8456057904
7978632413
7978149868
7008166005
8598800561
8280517155
9986217736
9861518896
9437360924
7008013804
7008364554
8763778347
7987232250
7008509458
9699972661
7008530210
7683892957
8249306263
8763220826
8895967686
8629965449
9778559194
8541956374
9938026940
9090907722
9439509940
7682044159
94713 12117
7008172518
8984582012
7654321098
7978418115
9668063520
7978066738
7205915973
9668394336
8553979121
9348029895
9776646646
9656246224
9437355993
8917378503
9938376726
9437363284
79 7874 3331
7064052302
7377133296
7008534652
7205533360
9348820690
9766392280
9348473575
9337662680
7008798392
9124185870
7008288394
7008765824
7064475143
8897485425
7978770835
9937235777
7978938124
9348473575
8637282570
8917546171
9938221831
7735269600
9441161830
8763800582
8637239006
78694 71139
9949925893
9040082911
7684094129
8093990799
8338049040
9098197000
8249563220
7014621174
9938546490
009647834895672
7847801216
7205745814
7008217595
7077743511
9009526777
9853080555
9778296821
9079892819
8249845445
8114986158
7978034412
9861549519
9438513253
7978937771
7987726041
7008920946
7749865389
7008688841
8658376041
8763494406
8599869755
7978938124
9437115603
7873000006
9437859414
9178782519
7978063874
9437528347
9583637089
9155679800
9861637030
9473131009
7682875236
9778057812
7205636477
8895840031
7205212168
9178448042
7978798300
7008370356
7008270727
9770937327
7763802033
72052121618
8018096569
9437253423
7008197185
9311469683
9739593882
8895230557
7978108791
7807496408
9348794623
7855848863
8984241357
8092677786
9437421111
8767562424
7865678987
9123263097
7064584195
8919266513
9776183325
9861568967
7008956343
6478048228
7735661187
9861573699
84558 68135
7847096966
9437085376
8969214476
7504007559
7008378936
7978314956
7010483065
7873872888
9861569606
9861606579
9789474490
9938661641
8895044143
7010483065
8917629960
7504007559
9178227505
8249996599
9337588911
9853414243
7008499717
9940883055
7077062324
7989112392
9776041698
8455867905
9835194309
9438713120
8249411614
7008604769
9778233784
7077409019
9052999947
9583466502
9144234345
8073836763
7873341561
7077385381
9010251808
9437175923
7978796924
6370266912
8249252056
9937852688
7008375027
8369549662
9437059433
9437355247
8369549662
9178753344
9439814646
9776167556
9937510910
9861018404
7008779773
9827215240
7008672063
8249535984
7205691825
7008779773
7498741128
9337405274
9818021187
9668694342
9936497128
7978930854
8249698460
9988777743
8249165776
9437990002
9098145623
9348822668
9090194743
7978992800
6287099609
8363737261
8018843795
9687699109
9437909976
8260538391
8789887788
8658829331
8908490182
9937783900
9937237318
9777766658
7008500946
7381595766
8249394318
8249698460
9337821616
8917462288
9438488280
7978835769
9711983442
6371216441
8917210278
9437444999
7008628241
8457982762
7847969788
8144542615
98618 50450
9777212140
9178272539
9777212140
9348241994
9882478331
8249036693
9439319614
8763788937
8050039755
9777296962
8763429050
9827809992
7008628241
9110686856
7999454727
9579600960
9437256929
9776424999
7008630762
9348033535
8260333302
8455040598
96323 11137
8895549898
9668866983
7836035215
9938416528
7992423767
7008520781
6371330474
9938321818
8847868248
7008520781
8657828638
9109120882
9439096837
9861366670
8917596045
7008085738
9937360170
8114796059
8917435703
9040337164
9674222631
7566681314
9583349151
7377537009
8114796059
8917472142
9755330372
8252728767
9425233941
8917358398
9937215333
8018119642
7008817161
8763178859
7717732856
7000603462
8018038787
8861448382
7077637805
6376240882
9449825120
9177625852
8303936494
9494922228
6371517362
9040576052
9090270665
9304900539
9777038184
9937316413
7752041963
7978986505
9938401617
8287925250
7854899921
8339098813
9304900539
9090270665
9437586606
8249616184
9337056640
9717704037
9040443472
8114386836
7008969390
7008361780
9438771064
8884437121
9437003566
7978022650
9777698397
8093140280
9040755562
7873797472
9090456235
9002843731
7008361780
9632636600
9937464943
7735823713
8018658451
9861470439
8249753109
9777114331
7004020614
7205041827
9778899997
9515267530
9348021418
9178373245
8458082766
7978662952
9040191025
9776309555
8917414144
093361448
9437341838
9938731080
8260616424
7809378102
993705923
8249098833
9897055653
8249653329
8983640197
9124999978
8249159740
9262294365
9040601937
8328920374
8249060437
9437657634
9755636100
7008322589
8826337198
7656024712
8249060437
7978074816
8249159740
9861743325
9776090999
7377918525
8340280411
8249098833
9861084408
9778584044
9876543212
8037288826
9082607906
9937015987
9692129933
9078059171
9938822318
9938355589
7042520307
8080643232
9708059171
9677074560
7008268122
8598990210
8249867416
8596933547
9532071876
7978994394
9983233389
9547096044
9424468651
9437040221
7008520774
7010791780
9178591927
7978830004
7815099206
7377614204
8249336641
9178591927
7978389500
8658564375
8599880680
8904766029
7008555430
9090303023
9556113357
9347029619
9337995643
7008666129
6201123738
9937503048
9522867200
9552577125
9770937237
7894417858
7894922188
8971466904
9861425425
9437253439
7894877419
9438336284
8249040623
84351 64786
9337682387
9937530310
7735247878
9668507007
7008217644
7377263846
9776792791
8328925074
7008119881
9337983060
7894617617
8658948354
9437428615
7855885858
8249217933
9124550000
9777549711
9437024801
9795178971
9861052920
7974648562
8895541221
9178638528
9658827178
8249102917
7991088764
7903121918
123456789
8763041032
7415537559
8770556367
9437048374
8319181990
9040534894
9777477884
7008083762
9237120962
9583900231
7978676711
8249990234
7978664506
8319181990
9827410553
9040005151
9583469561
9778709821
7008636406
7326060999
9993866637
9090367794
9938231581
7735155161
9131718797
9821115404
9937100000
8521296080
8917499477
9713520000
8895294004
7008114767
7609978758
9853929622
9853929622
8260584396
8455865031
8984462474
8895504336
7978990699
9438847071
9337900522
9556010713
6371635178
9981208006
9861592049
6370037126
7631142434
7008783737
9861362643
9938730353
7008984028
8114648600
9871477887
9124186060
7979817665
7008783737
8986881196
8596029079
7979613324
7894754073
6370210858
7723013895
9348980235
9827777952
7536009440
9668581991
7067772314
7008136765
7978282709
7978998370
7653809742
9337752438
9040493726
9348357656
8327713670
8917676715
9040892531
884885882
9692653973
9876345264
9583532528
9040132268
7008482039
6372272645
8658481911
8789918773
9437683570
8018134959
7978208751
7440185285
9337924581
7681827721
9937083066
8847812923
8981733740
9938506111
8249851769
7990095571
8337933476
8763007187
9853373210
7016806409
7766900066
9438634488
9507068896
8249247787
9692833657
8895503323
9437199013
9583322577
7205253969
8521502039
9884954354
797869958
7855881504
7751844326
9556848903
8249007950
8908634959
7894260801
8917665099
7008003784
8895940078
9937104525
9599735202
7620238881
7006913402
8658481911
7008522973
8073931916
9583538370
7077026910
9861856913
9556735177
7681827721
8658413907
9685040000
7077034444
9658253846
8249636166
7008485797
6370804696
9937210395
7978747593
9938653282
8249093603
8917288879
9938124118
6370460840
7799812696
700860356
7978182789
7381015086
9583377287
8249275900
7847007784
9938124118
7978864681
8249115538
9337357931
9337413831
8018920464
9039272354
8763260491
9937084016
9861044625
9777999079
7415548443
8697777477
7008821176
8895355087
9359364466
9669787800
9000641839
7008708424
90406 26626
9439633856
9724895975
9778086223
8984676858
9938084602
7008944043
9667495835
7978140491
8658873746
8658038933
6371444647
8248380691
7008834835
8328861237
7978864681
7004275133
8085663355
8945960765
7978337046
7008893791
9861285466
8871632589
9437249024
9437663604
9334863199
9861829452
9853877437
9437255993
9658710140
9078838436
9078838436
9348963920
7008542236
8455939932
8763778690
7656804060
8901928374
8457894117
78009294857
6372479410
8018272425
8114337811
9583566777
9778210165
9955805573
9777259249
9754083544
8327789065
7978097225
7008857900
9237128826
90788 38436
96587 10140
asdasd
8280751551
7827216201
8648866561
8093174557
8658355477
9179454842
9658727280
8917263475
7894137800
7064206430
7809294591
7008199822
9337949636
9777454089
8249390873
8109085339
7978745924
7991014155
83277 63076
7978138098
8457805242
7024903111
7008344150
9437039842
6371918182
7008926780
9752491737
 975 249 1737
7978091810
9437598950
7205888933
9937617672
9545564061
78730 06725
8103151821
81031 51821
9438690499
8984824090
7606897093
9739620288
8018043275
6372625782
7873771129
09040440740
7008123368
9337042598
8867115018
9861043093
9438655777
9973367223
7880606929
9438164277
8658345941
7008619455
8270028357
7735395090
08249040820
7894991712
94398 67755
9438310041
7077015473
8249389729
94370 47061
9438879879
8249385922
9438656287
7008586640
7008586640
9437110024
9937000975
7855043370
7008954513
7008865346
8240440128
7377147247
9776622678
9776025201
9437140350
7978309695
7339871490
09121772182
9776184873
9937006684
9439430512
7008322463
7008322463
7608934076
9802601715
9078141818
7077911781
9776792790
9658899307
99388923837
8458082255
70083 45929
7978436243
79784 36243
9981099555
8093940608
8280300008
9337127659
7004811164
7004811164
7488250324
7804998737
8327765114
7008336800
70083 36800
8280472147
9123262614
9178800833
7896698195
9771491533
9439055292
943704872
8658982026
7978099022
9668980966
8018098710
8917600021
9658412669
8637282812
8249582865
7978447610
9937294189
9178306181
7064425695
8895184559
9238405605
7978462689
9439187388
9437173355
8340773620
9938953292
9040500346
7205375133
08457079873
8895503556
9861350818
9078139888
9752491753
Mohnaty
7894470139
8895936176
9668998872
8763300133
7735626134
08434476829
7978719087
8018099889
8085147295
9437046667
7749861047
6371687064
7735433583
7978940892
7978309239
7205808242
7064646100
9437417697
9438642027
7738692366
6370544760
9437047302
7978976081
7873330749
8249316594
9348717988
9778583311
7978129879
7806050002
9692824375
7806050002
8961438619
9265692313
8144052744
9779589737
9845084649
9238253145
9439416032
9114139969
8260780564
7003486265
7894050565
8458083803
98450 84649
9437247515
8259603827
8249603827
8454950468
9437222255
7000595701
9861036686
7008061178
9337427397
9775505845
9937034001
9348155792
9861160874
8984006900
8088442633
9937119764
9437348349
7978242799
8895504284
9237128826
9508767315
7008780115
8280323499
8123909373
7008857900
7978329486
8328852756
7008914847
9583609120
9437448048
9777487095
8750813792
7008239533
8260504997
9668541054
7008061469
8658616686
9938193082
9801367116
9827462892
9465681744
9938849905
7326812127
9178575995
7854822291
9938198001
9078072502
9078072592
9000242511
9000242511
7853837037
9009184205
9709599391
9962422396
7008965342
9691198351
9583838392
6370970070
7205032123
9204203858
9668221208
9975489889
966677134
7978674436
7077973089
8328987237
9437149248
9438514514
7008497915
8827811710
7978849213
7847815322
9090312694
7205285830
9179137561
7489073405
9861369562
7978405306
7377800356
7609067394
9777830665
9348517854
7828662801
986122400
986122400
9337906070
7666003794
7872589382
9438878180
7008368900
8249364472
9658800039
8763548349
7978910479
8375950523
7008865439
9153100441
8260716441
9937465613
9437045378
9937006033
9938902063
7992232950
9178715355
9861676768
8860077003
9437148553
8132854794
7325808517
9437126803
8908219564
7735909743
9634870989
9437457645
9861999755
8249875520
9583380147
9999999999
9777582681
9111006130
7008922327
7008922327
9438879650
8598029856
9776940944
7004219893
9776988963
7978725752
7008083345
9937956761
9437031947
9986832853
8076144062
Zit00bmh
8280685934
7682834720
7750834951
9938781989
7008418076
7548073466
7011494282
9556181850
9973511667
8249217772
8327794655
9178952111
7008538658
7008502749
7008502749
8249404471
7848871814
89173 59949
8914359949
9437083239
9437421890
8249787165
8847891574
9437059747
7898333517
9861511151
9993332007
7207929617
8763787639
9437541793
6370576923
7978354525
7847984980
7008286515
7008317026
9437152871
9938788794
8660920128
7978819026
8984571497
8984572497
7008465269
7978778907
9861147813
9437144637
7978185005
7987729084
9861577211
7894096743
6370738495
9438076531
9861254247
7008302204
8328871180
9437042296
9938643882
9437149109
8118075234
7750989409
9124965558
9853199922
7978109570
8144391325
7978764924
9437040111
9777224118
Ggg
8327751965
9583382380
9937594143
9031866409
9861242926
7008175092
9078374892
7874203320
918320319942
8249176634
8249176634
9937285985
7008005174
7008005174
9981133955
7008057218
8018722760
8847882714
98612 29973
8249538571
7328800760
9552577391
9937520618
7735304215
7008178121
7008119554
JK6BogRD
9861417905
9853147832
7855070663
7008670261
9776165291
9122222223
7008821371
7004276192
9937158587
9776183325
9438811491
6371569899
9439234690
8877086770
8093132338
9668831079
9386229686
9776987623
7043349902
7735951279
7008304602
9437766447
8889026947
9938261529
9608044192
7735455566
8917269552
8878111039
9937855273
9938279191
8270676949
7504844848
7894889993
7008670105
7684842861
9668831070
9861678820
7008459223
8658589997
9861346965
8249352036
8249352036
70085 55402
7008555402
7381139339
7008087433
7978473015
9853877171
9937468586
7894461808
Yes
7787884444
9692681612
8073606862
8073606862
9931585201
7205615016
9776413260
6370717769
9937325026
9937034833
9861034833
9938803599
8249373152
9040288602
9437083502
9437083502
9439807808
8917207772
9861015345
9861015345
9937126555
7860889267
7860889267
8917488285
9348414620
9806759264
9337340422
9938090060
9437052599
9938255071
8917446080
8638016464
7978159016
8763299621
9861008293
8895837646
7752068855
7205012352
9668994565
6372955628
8328826424
9938207137
9861104812
8249851323
96920 09643
8895919695
9827982054
9438112636
9284789141
9938158255
9019109612
8117045456
8984458225
7978217535
7381797979
8420461455
7008928049
8917250676
8249081950
7077860386
8917617346
7609991043
8658700426
8917235899
8123307343
9178220210
9776729965
7978104869
9630648389
9777601136
8249778004
6371426408
6267312364
9337889912
9040503671
9437188048
9668804895
7051315972
8977578911
6371515600
9861865172
9828885322
9630104435
9583221547
7381186537
8658099508
9438640301
6297285193
8926099301
9591674842
78094-67676
9937977748
FLxKsg1I
9999976627
8850998584
8895219492
7821963635
8108249795
8861743434
9937879566
9040149873
94373 4 2964
8280300235
9769328217
inrc
9178153590
7978733933
8280242207
6370980920
7008346029
7044349359
8117847068
8260941260
7978037928
8457070470
7008870759
9089260309
7008556015
7008556015
8895109201
9437011462
7008365156
7735777560
7894346035
9938220757
9348743132
8392878238
9556663114
7978977197
7008166016
9668656025
9122777779
9437542823
7988158522
7988158522
8100477266
9938690999
9668346497
8327713697
7894986338
9937034080
9348775902
9176481422
8658430842
8925623971
7008052115
8658603129
9438866665
7008444383
9348704023
9437860825
7970565303
8779702284
7503268099
7978401007
9438027891
7008331072
8249487637
9776368786
8328962920
9078067178
7377688120
8360541996
8788059508
9556144398
9861598212
9778798930
7070202098
9556239623
9937329311
6372221636
9437202687
8800270919
9692623823
9861670346
9098789098
9348412071
9343651056
8376879313
tQ1RkNxx
9938446518
9340405269
8895394655
8275278376
9438514834
9040224280
7008396164
9522114442
9937784962
8918115457
9516743022
9178236406
9040277149
9668489408
8658520453
7751873293
8984610506
7751873293
9337153491
9430372701
9759000050
7879314864
7008700725
8456963120
9348822668
8345831071
7077218345
7978563662
9776614159
917829736572
6303451014
9668568487
9348472948
9439506448
8018690167
8121784843
6370632590
9438546558
7735730349
9918467974
9938851569
9243128910
8637259866
7008417373
8818880139
7978211442
9777774606
9993356808
7978937771
9776320844
7878554455
7873500001
8249084054
7848820512
9999999999
9888898888
7000574101
8763322460
9938594668
,bS2eeet
7684087331
9090659535
6370141791
9437421890
9437421890
9337985633
8559050294
9938221420
9561424466
7749927905
8637243092
9437187827
6359922160
7873629071
9938011018
7008610217
8280142186
8249542951
9438143154
9937586452
7504490445
8847813640
9348544500
9166465186
7205670627
9938373986
98531 44403
9439869179
87774 58323
7008867401
8847837928
7488116837
9381731170
9438845395
9437175945
7226084574
7226084574
9624674034
8260775628
6387308580
9861166887
8249842645
9437243327
8018082273
9337269253
7978260939
9348135978
8637217518
9784523999
7978665095
8249529010
9040295128
9438493261
9040450050
9438824176
7978509530
9777311014
7325994626
7656813286
9337437586
8249911994
8249911994
7597379543
9776988592
7609820926
7999713182
6370571954
9090909090
9437683878
6371265311
7008802009
7015079283
9777575860
7504187396
8093087540
9776447875
9406027740
7682962259
8984103498
9681107026
7751995390
HhhhvghggbyghbbvbhhhhuhVBvbujuyvhybhbhhibhbuhgbhngxuhhhhvgbhbhhhbhyhhhhhhhbghhhbhbhhhbbhg
7377163729
824981919
9937195010
9776629392
8763341451
7008574565
9437909550
8984004735
9437101088
9348773318
7008326929
9937807778
8381366044
8249104271
9776035414
1234567890
8093771390
7749804744
9437051043
8895217295
9439777128
9439777128
7655019551
9437033041
9937477251
7008440441
7008440441
7978010477
8217783418
8763646501
7894762728
9861341786
9437042510
9437002596
9776104374
8895217294
9556674074
9937128222
7008479586
8895805386
7008987051
9438014355
9438877376
7004140605
9031391555
Pppppppp
8249703775
7894016188
9348489747
7735745592
ଊ,ଊଊaRahaHaiNasongs,byNarendraSinghAR,NarendraebyNarendrabhaibybyNarendraSinghNa
9301332525
9797660535
9861920320
8303021217
8838371933
9776246544
8839371933
7077538828
8249139379
8526222229
7377298618
7008102106
9447735530
9178278078
9439666263
82_34947472
7205174188
9437210677
7377935248
7873250319
 8598893995
9938790865
824 957 5210
9938028933
7894016188
8637233939
9437412621
9797660535
8210131557
7903439831
8966002371
9090093851
9111005589
9776994301
9204617322
8763287710
8144622870
9452935110
9263630979
2mlkTbqH
8596842970
.9437051548
9098027360
8763721900
9934925249
8800524312
9178941857
8287140281
7682854312
7008412365
9429998226
8895501485
76088 06893
7978922976
7903480506
8210421117
7978541661
9583633939
9800782352
7008685867
7008926574
7008878714
9090450168
7978395970
8079846703
8093413698
8908343211
9776782579
9776782579
9733908577
9039336760
7021288834
9437802553
7011370730
7873008168
7894891055
9731544446
8328826533
9827160417
7004362193
9518695186
7000604549
7000604549
9668276687
9424180551
94711 17253
7008959467
8117986345
EZZrijiboimeyeccfccDDl.jhxxcBB
Iihuunuuñ
8457841917
9337373337
7425924262
8917672214
7870042048
9668016551
9937343138
9938378543
9178576783
8873035933
9692567758
9237272755
8962915970
9437028425
9465296397
7077205366
7077205366
9776713755
9337171524
6202857845
7722090944
9708555576
8270454942
8249332143
8249332143
7377470716
7008686210
9090778861
7008968086
9437223113
7064289999
8709446451
8018989142
7903887056
7903887056
76675 76371
9439869235
8824128141
7008160542
8018194889
8827395669
9437091335
9304787747
9835365491
8328917430
8790356047
9853290156
8260646839
9938294233
8459293860
6299086631
9438325034
9905549435
8092108508
9337063669
7873498647
7NJX8Wtt
8260939485
+61469789454
8763029182
9425575051
8825155720
9937206888
9199882247
7903496837
7765949497
YqJyz4BL
9938413696
9769705815
7008180423
8093369992
9937280026
8457055582
9353015074
8327775457
7978687845
9776321753
7986074317
7903580962
7978826282
8984979490
7008500836
9437249949
8917310998
8895510708
9090492220
9078690456
8599888853
9437979490
99372 84888
9523234897
9437780955
9340639079
9437880141
9110102193
9518592473
9040297770
7205558376
7209852327
70083 82263
9434037702
7008615361
9861776537
8917404332
7077884544
8585074317
7978657295
9337367784
7782871786
9937884069
9709075925
8118031743
9279306510
891 736 6602
8280815311
9861362020
9776710097
9437137288
8280097869
7377786817
9861335300
7894192707
9043455341
9437492814
7978722769
9861068713
8908914399
9853201946
9348555313
7004789454
7004789454
7978769871
7898998999
7008910629
9937526972
9279726725
8294006708
7488084695
9337400437
9861251839
7828403126
We
7999925379
8763907135
9934521878
9776761403
9472778832
9777446827
9131840179
9439669566
9337173997
7008875059
9178823315
9437719636
9439731223
7504330761
8917437949
9556527173
8984846250
7978533765
9556631353
8658557697
7077227650
8087001523
9007319945
7485845039
7809294857
9546092001
6370576923
637054224
9777826969
9583591188
7751862963
9178912313
7750983409
Icrc4O5O
9439853854
9987741277
7683911830
EVyNpbfW
7847055815
9827948971
9438204184
9439223648
7008598570
99999999
8327766438
7978630436
9438877469
9861741180
7828424205
9538527428
9348112409
9437187153
9937687284
9754746119
79780 30581
8968343259
7978584614
8456935014
9391735929
Geutzteees
8018107512
7042062415
9861658011
9348847022
9993160500
8093643603
9776125341
7008616140
6202544028
9348932799
9692225030
7739235949
7077385411
7735164755
9861777222
7008427745
7008417745
7789848092
6371126612
9090650789
88099 38209
8456941219
+393510648705
9709079555
9853902356
8092137619
918328849380
9199928889
7978531048
9124342552
7978515018
9304364252
9835413797
9348620799
8280321337
7696639588
7894392939
7008817470
9124714232
2345678901
7008687229
8249276101
8338889690
8789296003
7008672902
7978531053
9437051891
8946061378
zkCfxRRy
7903952809
7735252868
9437063293
6204815728
8658149551
9937196618
8107157851
9178867598
99314 10093
9682139271
8455889025
9438150517
927001038
9937274107
9937853648
7764922783
9827587612
93377 52918
8847852331
9343831625
8658552027
9955573994
9437685806
9534444002
9338159776
9263834843
9425564831
805173314
7978793174
9029545684
6205331669
7008060128
9078800589
9937477747
7050026446
9074373845
94372 94232
9304170711
+971545496656
7008536282
Jyryituyt
9040942322
9040942322
9334363545
9334363545
8249406016
8319830043
9431737866
918328964901
8249406016
9668995223
8260350435
6370851716
8984439516
7873745342
7787006970
747 033 1455
7873337776
9437057001
8917605958
98999 43552
7705945216
9658054022
8145280200
7978557541
9776601155
9778126121
9937398682
7894172143
8018043112
9040458681
9861225851
8897066668
9438425601
9438529267
9937812901
9078668820
9523894738
9938720039
9040877105
9937189888
9861325695
9938094544
9556776256
9556776256
6370951760
7509999549
6371905165
7008396831
9437042175
7484052617
9006606909
9439392972
7050321248
7008005013
9437064693
8338028117
7360000769
9861488558
9040360990
9937632565
7978993991
7373581749
9178446453
8249319064
7609062541
9437586155
9438055117
8457814189
8946061378
9040075310
7070384387
7070384387
7752020985
9937367071
9438226644
9439392233
9437163854
9438373888
9438771375
9437130565
9692626210
9437257707
9437500029
9437158565
9937558566
9439241693
9437121303
9861206143
9608873972
9437253415
9937481352
98765434567
9709210647
7853956305
9778188188
7008241385 🌄
98613166624
7978559455
8327792814
8763280836
99381 03577
7854064339
9090354720
9437346251
9692131560
7008616863
8800621989
9938723917
9040637542
9337681984
8093276815
8895783180
9776656999
9776656999
8917200966
9437161093
9583111173
7008953873
9777088836
8658979164
9437331113
9433546554
9827683009
9938723204
7008930264
7008131577
9776689400
8249567276
9100169574
8617499086
8969980573
9040803114
7008532960
7205760054
8000590650
9777441684
9285318120
8797460685
9437305103
9827401258
7008707879
9430189801
9937657378
9437131494
9776037800
9938191522
9439733889
9892443814
7894671564
6371393966
9938236484
9499941128
9499941128
9438397875
7978636267
7488112071
 94381 17776
8984323164
7717767671
7727767672
8917228264
8917228264
8769085573
9955660680
7873870917
9556313856
9777206995
9778886777
9861186125
9348123637
7008435882
8895138001
9348139869
9703972854
8606368637
8617388893
7008476141
7008476141
7077626020
978490708
8144055283
7978563653
8895501922
9437024588
7008831490
8085075031
8249751049
8847815640
8144061292
7894454444
6371433507
8018616971
8660264401
6370093022
8018594974
8260312907
7.
8596964653
9662880722
9937142857
9776060360
8917446963
7737173425
9040048649
9386609800
8144110947
7978787994
7008564610
7008564610
7978096692
9938532804
6439116000
6200269550
7008059292
7381573234
+6598803510
7008564160
8018481312
9861032994
8018348027
9090229913
9807525412
S
8776543222
7008779834
8908119664
8789158475
7008516040
7978016734
7008042059
9437126434
7008708976
9431301864
7008156124
8480499603
7008548709
9136985266
9304226377
08260867153
7077131079
9439686753
9238394050
8375977791
9835379180
9437753799
8319851492
9905348380
7008564160
9337665811
9437278383
7735594363
9668678473
9938442972
7978541317
9583153557
7787903098
7682858187
8908281184
8249217801
8328927739
7377292024
80184 81312
93861 06111
8917220127
9040798120
8018348027
9937174332
7735981894
7008629107
9938909257
9852738531
9040467369
9668787291
9178878731
8295737608
7760774150
6203676738
7008059192
7008779834
9437189415
8763508169
7008253973
7008253973
7682067171
7682067172
9437153305
8763612006
8943804964
7008684846
7978186464
9123437453
7894573945
8847812173
9777666134
8342944498
8342944498
7809633244
7326984196
7978433009
7677755417
9777467183
7681845766
7008994439
8249775051
7735288944
7008407573
9583255563
+9583255562
9861194104
9074373845
O9437161093
7909030501
70771 11131
8018681387
VYFpjGQl
8697206876
8986881196
7978613299
9776235000
6371399409
8457062123
9861099618
9861098618
9861768455
7694054166
7008487828
8005234634
8722322300
9861370168
9861109139
777777777
9040405013
7978699935
7205210236
7008282628
9709588880
99383 90441
9853277699
9090236045
8249692713
9078214555
7752028377
8500003079
8668922940
8249367964
7008700954
7093887093
8409091647
8982652797
9437489149
8292689991
8917347282
8342886686
9778056762
9668163093
7978684811
7752042877
9752806682
9853088458
6371997992
9040001760
8210040351
7008430029
8327711933
9200036869
7978911285
6370608560
9776110163
8895455555
9090236905
7008661342
8763855755
9124987666
9438690499
9507559005
8294044421
9337248823
9955208639
9709016380
9709016380
8249294318
8917224201
7738128832
9437085992
7587037181
7012236042
7894613834
9937599452
9861154621
9861189127
9437647547
93385 67937
7066057236
9865096971
6370591163
9693194656
9431170287
8249333515
8249667946
8249667946
8092542221
9993520878
9556497945
9777088121
9658090191
7684888825
7033337881
9348801636
7736579048
6205137751
9122010437
9470361108
96085 92734
8895350779
7008308418
7008308418
8455885812
9955746487
9938632362
8249463243
9937491233
6370178956
7377304450
6370727631
9777911411
9348052418
9337283345
9437036210
9437036210
7847877256
9040050121
Aaaaa
9303318061
9340451157
8114919783
8114919783
7000175090
pk
8249353419
8455868143
6205235334
9439496639
7760558897
9438372227
9778165633
8144442469
9871137045
9937341119
9039267326
8249401147
9337051776
8984884244
7847801216
7207051500
8327705825
9386070011
8455852646
8895544444
9348341306
9040517652
9801758883
7204773291
9438076479
9040083955
6371262062
7008941459
7873303744
8637234931
UpE0dOuc
9438047150
9827171158
9541498696
9348271382
8917461011
7205819919
8658249435
9337478898
9608957645
7894410686
9861308689
9439154393
9939707862
9861455549
9801758883
9078995669
9430935931
7098194444
9337161302
8658308952
9668822660
7008144091
7978285981
9668546623
9437662798
9178094773
8770177360
8658249444
6207797763
7978543928
8093381258
9905701498
8917506850
7992232984
9437603901
9861959768
9424259311
7855862089
9437014775
9437045065
9937818728
8210640082
9090355726
7978574880
6266168358
9178225766
9638530666
7903875449
9178838484
7978469193
8908746428
9337762111
9337762111
7978931697
8249905243
7327995558
8328915453
8951738601
8951668908
9337121371
9128814268
7008336187
9937116877
9987688164
9630878019
7978520077
8249572849
8249572849
9556550557
8908812737
9937011884
9778899998
7205077000
6370575612
9668085617
9090894727
9437357067
9861829433
7894909856
9337141223
8847874919
8144893264
7847911210
8018173491
9953560021
9437315737
7008660136
8895856146
7008854206
7008854206
9937058524
9861042306
9938596474
9439355556
9438645931
9853244699
8117965070
8296586544
9178456362
9987644221
8763782795
8454095963
8895504878
99371 97478
8877334180
8249860255
8249860255
7905576616
6300810183
9668676640
9937474600
8456918344
8053486455
9124400442
9437850932
9861678690
8270814148
7635810353
7635810353
9777990712
7504929300
7735460277
7878787878
9438483086
8879526868
8850319001
7488754934
9439040187
7008716027
aLSqQAp7
7751855522
7978034906
7978249869
9338667797
8260819519
9853800147
7978670852
9090011818
9437964349
7008676778
7978016320
999999999
7008211345
8093830503
8982567210
7847893774
7008211345
9945597986
8789439052
7337595481
7008284761
9668213288
9404404350
9437089611
8709737459
8331895532
7506053457
9339348740
9938843736
8895942357
8249934613
7064842222
9570193560
7008613687
7735269446
9438112808
7978310268
7008676778
8093143272
9777755529
9178741882
7205766640
7029733094
7008518843
9988760286
7064137252
9337389956
9777493777
6371330474
9938767599
7809208177
9777954438
9178341147
9937316814
9692625200
9437144151
8327777848
8895503375
Ispatgeneralhospital
6370957493
7008636088
9178198938
000000000
7809092222
8019034562
7852929490
9437991495
7367867268
9438643884
7008068043
7978512498
9437612503
8004214098
9556611949
7077927632
7008552037
8328871090
7008552037
9861378485
7978925380
9668876227
80556 16038
7406799952
7809604581
9337214840
8328879352
7978576308
8917689054
9937195361
s8n6ErEm
6370546557
6370546557
9853404529
9348402839
7848912565
9778197431
7415774939
9437225389
hREEm0Jj
7894609727
6005809959
9178115389
9178115389
7008784839
9178722512
9437181364
8593945999
9437214372
9472075103
9439900588
9040101107
9437100796
8249151794
drgrdt
7008358369
8249801374
9113472274
7608873476
9871902089
7008795022
7008795022
9789597650
9437286429
9777645963
7978410091
7797485855
8895443711
9827466566
7978015418
-7978015418
8327749207
6352544908
9437166755
9439661305
9124863020
8249143173
9438311277
7606011615
8658506955
9937195888
7789894960
8085955931
8018098832
7978861592
7894442788
7987063834
7978001368
9777079707
7735330766
9427954960
6371991157
8926324949
9753211114
9204652862
7873227001
9348204361
9438603965
9078193028
7008500755
7033155255
7205728868
8596852989
9329788988
9556811423
9556911423
8553326015
9937561561
7064669999
6371021558
7978490425
9679841858
9337918013
9853787087
7008879269
7541021419
9078925707
9438455137
7750872323
9937090830
9437058795
9776002534
7377577972
9937322567
9040617562
9438866974
8455455443
NA
9838335366
9124416869
7978444199
7205481520
9658334720
8018433300
9938711732
9427253384
7008535624
6370514603
9938532885
7655807366
7381401111
8895002016
8547663717
9479754327
8847891236
9040099933
9439021218
7008971976
7841988713
9337320522
9439613054
NGQR1bey
8895216111
8917664611
8766707886
7978502806
9883224369
9040080221
8763699281
8079860754
9438792332
7567855788
6297066099
5541098795
2066196809
9837682334
6375072884
6139627781
4846549134
9938277476
9348423195
7846806661
8103844753
7683976887
9777070105
9865432222
9658913716
7086250094
6371149562
7974801127
8895838821
7000944063
(08)08484-7022
7387273471
8668028352
9064061760
9583851610
7008278112
8249522390
ETBleb0i
9668659673
7978564759
7999531174
7077920622
9348209861
9776460573
7377826508
9437089015
7008793319
9768070706
8658469730
9431770776
7854815383
7008419703
8249522390
8984722691
8917431567
9439188233
9924279350
9661686712
8599898537
7000944063
7004754653
9040080221
6266944295
9437904907
9937251387
9583381311
9861796519
9777310520
9937119060
7008154746
8984555238
7978446952
8637263798
8348278095
9178383851
9556970458
9669200690
7992355788
7980899146
9778706788
9853934510
7999925379
9078064355
8328852642
9939595231
9437647805
7752059522
7504642619
9556437925
8118032360
9893340000
9165116756
9439838970
9938661641
7700022188
6371431876
9437972136
8280692476
9861104659
9124712344
9556860812
7978502930
7008738659
9937040851
8596949301
8763649850
9777707060
9937831715
8349326782
9437962513
9111873900
9329106740
9437660531