919937325026
916370717769
919776413260
917205615016
918073606862
919692681612
917787884444
917894461808
919853877171
917008555402
918249352036
918249352036
918658589997
917008459223
919861678820
917504844848
918270676949
919937855273
918878111039
918917269552
919608044192
919938261529
917008304602
917735951279
917043349902
919776987623
919386229686
918093132338
919439234690
919438811491
919122222223
919776165291
917855070663
919853147832
917008119554
917008178121
919937520618
919552577391
917328800760
918249538571
919861229973
918847882714
918018722760
917008057218
917008005174
917008005174
919937285985
918249176634
917874203320
919937594143
919583382380
919124965558
919437042296
917008302204
919861577211
917987729084
917978185005
919437144637
917008465269
919938788794
917008317026
917847984980
917978354525
919993332007
918249787165
919437421890
919437083239
918917359949
917848871814
918249404471
917008502749
919178952111
918327794655
919973511667
917008418076
919938781989
917750834951
917682834720
919937956761
917978725752
919776988963
917004219893
919776940944
919438879650
919777582681
919999999999
919583380147
918249875520
919634870989
917735909743
918908219564
919437126803
917325808517
919437148553
918860077003
919861676768
919178715355
917992232950
919938902063
919937006033
918260716441
917008865439
918763548349
919658800039
917666003794
919337906070
919348517854
919777830665
917377800356
917978405306
917489073405
919179137561
917978849213
918827811710
917008497915
919668221208
917205032123
916370970070
919583838392
919691198351
919009184205
919938198001
917854822291
919827462892
919801367116
919938193082
918658616686
918260504997
917008239533
918750813792
919437448048
917008914847
918328852756
917978329486
918123909373
918280323499
917008780115
919508767315
919237128826
918895504284
917978242799
919437348349
919937119764
918088442633
919937034001
919775505845
917000595701
919437222255
918249603827
918259603827
917894050565
917003486265
919238253145
919779589737
919265692313
918961438619
917873330749
919437047302
916370544760
917738692366
919438642027
919437417697
917064646100
916371687064
919437046667
918085147295
917978719087
919668998872
919861350818
918895503556
917978462689
919238405605
918895184559
919178306181
919937294189
918637282812
919658412669
918917600021
918018098710
919668980966
919771491533
917896698195
919178800833
917008336800
918327765114
917804998737
917488250324
917004811164
917004811164
919337127659
918280300008
917978436243
918458082255
917077911781
919802601715
917008322463
919439430512
919937006684
917339871490
917978309695
917377147247
918240440128
917855043370
917008586640
919438656287
918249385922
919437047061
918249389729
917077015473
919438310041
918270028357
917008619455
918658345941
919438164277
917880606929
919861043093
919337042598
916372625782
919438690499
918103151821
919545564061
919437598950
919752491737
917008926780
916371918182
917024903111
918457805242
917978138098
918327763076
917978745924
919777454089
917064206430
919658727280
919179454842
918093174557
917827216201
919078838436
919237128826
918327789065
919777259249
918457894117
917656804060
918455939932
917008542236
919348963920
919078838436
919078838436
919861829452
919437663604
919437249024
919861285466
918945960765
918085663355
918328861237
917008834835
916371444647
919938084602
918984676858
919778086223
919724895975
919359364466
919777999079
919861044625
919337357931
918249115538
917978864681
918249275900
917381015086
917799812696
919938124118
918917288879
919938653282
917978747593
918249636166
919685040000
917681827721
919556735177
919861856913
917077026910
917008522973
919599735202
918917665099
917894260801
918908634959
919556848903
917751844326
917855881504
919583322577
918895503323
919692833657
919438634488
919853373210
918763007187
918337933476
917990095571
919938506111
918847812923
919337924581
917440185285
919437683570
918789918773
916372272645
917008482039
919583532528
919692653973
919040892531
918917676715
918327713670
919040493726
919337752438
917978998370
917008136765
919668581991
917536009440
919827777952
916370210858
918596029079
917979817665
919124186060
919871477887
918114648600
917008984028
917008783737
916370037126
919861592049
919981208006
916371635178
919556010713
919438847071
918895504336
918455865031
918895294004
919713520000
918917499477
919937100000
917735155161
919938231581
919583469561
919040005151
917978664506
917008083762
918319181990
919437048374
919178638528
918895541221
919861052920
919795178971
919777549711
919437428615
919337983060
917008217644
919668507007
917735247878
918249040623
919438336284
919437253439
918971466904
917894922188
919770937237
919522867200
916201123738
917008666129
919347029619
919556113357
917008555430
917978389500
919178591927
918249336641
917978830004
917008520774
919547096044
918596933547
918598990210
917008268122
917042520307
919938822318
919692129933
919937015987
919082607906
918249098833
918340280411
917377918525
919861743325
918249159740
918249060437
919755636100
919437657634
918249060437
918328920374
919040601937
919262294365
918249159740
919124999978
919897055653
918249098833
917809378102
918917414144
917978662952
918458082766
919348021418
919515267530
919778899997
919777114331
919937464943
919632636600
917008361780
919040755562
918884437121
917008969390
919717704037
918287925250
917752041963
919937316413
919777038184
916376240882
917077637805
918018038787
917000603462
917717732856
918763178859
918018119642
919937215333
918917358398
919755330372
919583349151
919937360170
918917596045
917008520781
918847868248
919938321818
916371330474
917008520781
919668866983
918895549898
919632311137
919348033535
919579600960
919827809992
918763788937
919777212140
919861850450
918144542615
919337821616
917381595766
917008500946
919777766658
919937237318
919937783900
918908490182
918658829331
919687699109
916287099609
919936497128
919668694342
919818021187
917498741128
917008779773
917008779773
919937510910
919439814646
919437059433
917008375027
918249252056
916370266912
919437175923
919010251808
917873341561
918073836763
919144234345
919052999947
917077409019
919438713120
919835194309
919776041698
917989112392
919940883055
917008499717
919337588911
918249996599
917504007559
919861606579
919861569606
917873872888
917504007559
918455868135
917735661187
917008956343
919776183325
918919266513
919348794623
919739593882
917008197185
919770937327
917978798300
917205212168
919778057812
919473131009
917978063874
917873000006
917978938124
917978937771
919079892819
919778296821
919853080555
917205745814
919938546490
917014621174
918249563220
917684094129
919040082911
919949925893
917869471139
918763800582
918637282570
919348473575
918897485425
917008765824
919337662680
919348473575
917064052302
919437355993
917978066738
917978418115
917008172518
919471312117
919938026940
919778559194
917683892957
917008530210
917008509458
917987232250
918763778347
919437360924
919861518896
918280517155
918598800561
917978632413
918456057904
917327983057
917980807728
917008907274
917569742438
919438168380
919523725483
916370413933
919701257829
917978656936
919861003555
919937217027
917327801400
919937742409
919938034884
919776580187
917008872366
918861613895
918249077760
919337806904
917377769329
919429001315
919937061970
917752020987
918984584480
917978448095
917204725919
919120606753
917681899405
917326005878
916372818500
917008904104
917008575863
919438240090
919937259969
917291855514
917977082266
919668569992
918260273815
919778484601
919437874563
917999705369
917008018155
919938090100
919937430418
918144443956
919011752593
919438392911
919658521844
917008918342
918018500427
919658513067
917978914011
917008322645
918077357927
919040043988
918861455185
919658872017
918895838505
918709343029
917008574674
917008283811
917978369118
919303755720
917381612134
917205700601
919938838662
917008055473
919438045673
917903235693
919937260444
917008765208
919938423319
917656019334
919337883976
919437198921
919861295370
919040515846
917008136355
919438209350
919438392828
918327792029
919437083038
919439552281
919437647286
918763798102
917978185441
919437340742
919861184209
919937645061
919778061284
919861576678
919040521800
918260490955
919861160804
918249887513
919438624803
919437116177
919778442080
917381052643
918895500949
918895500565
918249895507
918280014170
919040501395
919827314551
918117826063
919040880407
919692397410
919040639913
919861256648
916371777958
919238306217
919937055439
918926006865
917873000006
919160481948
919078222480
919437179817
917008737273
918249603912
917682829032
919861868559
917838716971
917205008106
919777433444
917504608446
918658687099
917978586197
918457913611
919583361718
919712907370
919439392494
917608956482
919937294323
919438472777
917978688728
918093688210
919861058315
918895948548
919326277660
919078979744
919437402459
919040660878
919437051777
919937058650
917978354200
919717246491
917684059441
917008451107
917504476082
918658191018
919437933182
919438275191
919237063773
918249012225
919938817719
919437083314
917008433797
919777811227
917008113882
919464867969
919937890130
919438785459
918339007477
918895265449
919937306657
917898905467
919937926267
919337352190
919439033975
919583580560
918280709009
919777458359
917978599387
919668436497
919861634243
919438523785
919937773355
917978484257
918917321051
919964100517
918637297139
918457042841
917978535451
918093900388
919534115559
918926078165
919439365263
919771416107
917797087227
919178451731
919777451287
919777893783
919337938122
919650697476
918763578437
919938311204
919691764725
919937560507
919437333191
918895501350
918051223280
919439432048
919338472811
917000371599
919337447817
919178304245
919437429891
919668206056
919337913151
919776876078
919424149761
918763026868
919437420056
919853422021
917044481481
917461927506
917894066903
919771814686
919438479697
918249785931
919777412369
919938533099
918658400205
917008798400
919937510833
919937771228
918260904618
919937815999
919439695829
918260555400
919658714927
917381064350
919937048444
917049850000
918895609783
917327032146
919263634233
919937503337
918008687333
919937529970
919938423722
917008353181
919861366570
919437152119
917750031474
917008764864
918327763682
919692220001
919827748415
919583188977
919090235045
917978503512
919692190439
917377557377
919437502297
917797892123
917676016375
919113197712
919938389499
919861426831
917008551244
919437045951
919437222628
918093024764
919348243096
919439533302
917377432923
917750909224
919437316745
918093297502
919575154162
919439790655
918599006333
917205732181
919777403471
919937015459
918977174441
917978545537
919439777128
919861056343
918328952791
917978821199
919692841054
918018211821
918328915453
917948214684
917978750408
919337976985
919876543210
918249464850
918260591038
919439950366
917381111164
917978908722
917077473804
918910735167
917008980380
917504552810
918090178955
918093890217
919035604047
919801384339
919861744091
919090555321
918249181566
917978629108
918249906967
918763501206
919937763777
917587445729
919124994887
917077743201
919861724992
919853318707
918457055007
919937215383
919437059697
916371932216
919861032113
919500165388
919078162265
917381026726
917008661724
919337887041
917978530750
917978943971
919975806649
919937148555
919108207766
918455868156
919040887198
917008163650
919437249273
918926030826
918966062200
919937297886
919777456982
917978782017
919439420897
919583563744
919658522574
919338798371
917205808092
919439078767
919437964204
917978191471
919238322423
919040353336
919938042626
919861188710
919439050219
919040308886
919861294774
919437021457
918895504085
919040443063
919937394111
917008290483
917008690905
919437172190
919437327392
919556134066
917008794269
919937126444
919584004001
918279396755
917978083596
918895504345
919438626608
918599010521
919437198900
919937775841
918118099503
919968981350
919040505741
918637254262
917655849663
919438727416
919179064841
919437963284
919668863233
919937257111
918847845209
918338991332
917684060147
919437441190
919437257118
917681805491
917978156467
918008589679
919937338901
918260395644
919437880068
917008706958
919437031037
918895136723
916370007641
917377748495
918114703909
918917384353
918895324032
917978108962
919861504897
919437341039
919438026868
919938486011
919437052339
917873201915
917987033766
919437127211
918895968943
917978091501
919937835566
919437346797
918093980103
919338503001
919937814968
918093953101
919777254379
919937441430
919668260401
918328988298
919777720224
918847882394
919861194408
919658831538
919439657402
919090343466
919437667987
919437172645
919178721431
919437601076
919437758034
919861043389
919021151912
919437546307
919937457927
917008699266
917978682467
919776636365
919337958046
919337642197
918895592959
919178493678
919438232960
919437175980
919337322253
917389845435
919162824644
918895502391
917765959289
917205161329
918455890237
919777948878
918801007456
917903228479
918984144243
919439207713
918964830658
919437183333
917749850999
917377001786
919437961746
919778868888
918342913023
919937591330
917903225909
919438549717
919040520335
917752020788
919437602102
919437601605
919438626316
919438188056
919556949872
919937654459
919937183777
919938791917
917873006725
919437033584
918093296315
919078290923
919776520888
919937107705
919439435378
919437145010
917377118958
919437054212
919937330563
919437359187
919437075863
919075374366
919937270881
919776022211
919437234904
919777456999
918770698352
919237347103
919437053539
919238358789
919437667947
917381292929
919937004479
919778148217
917978949557
916370002698
919348018162
918667650639
919937170444
918169208272
919861338145
918018418056
919777457201
917847888494
918338974544
919937804547
918105220220
918969650460
919040687568
919556557745
919777151678
919439867755
919439894478
919861164060
917873588921
919861081212
919178629423
919437046103
918917288462
919371291203
919897017504
919937568737
918637270034
919861248751
919742488903
919437047463
919937092333
919777399512
919800952071
919778971167
919853009900
919078549666
917008715743
919437830000
917894010197
918112169169
919437085128
918908532313
919438335016
919437066083
919337577792
919861070790
919861150005
919439534251
919583345781
919437542542
919040364006
917008586476
919777049981
919348676202
918599003199
918917679133
919439327821
917008480771
919861033517
919337153916
919937472072
917852941723
918260533328
917749900743
917978527475
918018043863
919776877888
919437353518
919040608708
918456904403
919937085343
919437000492
919439944404
919861743326
918977889627
919437334893
919437060005
918908255371
918895049790
918984209499
919238372865
919437102917
919981198007
919732525003
919438579929
919425471720
919438626298
918093298092
919437574390
919337843569
919438626308
919437223618
917848005506
917978416858
919437648513
919776574846
919437109780
919340561911
919090541595
919437110193
919337195289
919861978009
919437152670
919937304766
919090943436
919178479622
919668431880
919337321739
919861058608
918328875099
917972641569
919938110363
917894011859
919685963810
918917475005
918917351206
919937080076
917853013087
919938628331
919954707713
917008900552
919938166905
919437048323
919437880327
919437152403
918327760097
919438877412
919937766118
919437492094
919538242200
919238306194
919178873835
919090801070
919583832274
919438877463
919437047616
919776503311
919438247111
918327707470
917389835971
919090791822
919437198482
919437248634
917008317979
917008086325
919890595910
918249219504
918144550380
918338000007
919853409030
918600672710
917978407785
919437495434
919853979028
919556490550
