+919078063775
+919437200811
+919348646839
+919717999451
+917978231330
+14168765540
+22964192302
+918270237848
+91nan
+917548013411
+919776527516
+919861705550
+916371576621
+919556490550
+919861428280
+919937225544
+917008358142
+917008369004
+918249944299
+917008315925
+918877227722
+918018060111
+919853979028
+918588075661
+918249219504
+919361535410
+918895360198
+919437495434
+917008427817
+919489002797
+918658437795
+919583857075
+919439000001
+919438912454
+918984246885
+919438122837
+919438866500
+916376148625
+919948028953
+917008681691
+917978407785
+919040794241
+919861111113
+918600672710
+918018099860
+919692597185
+918328894980
+917008650875
+918319850826
+919778258737
+917077105222
+919938467194
+919437960868
+919853409030
+918338000007
+917848895088
+916371958107
+919938311257
+917008095133
+917406345345
+917991022269
+917855990056
+918260704418
+919861420500
+919162207481
+919937552969
+919337677909
+918144550380
+918249219504 
+918457980137
+919890595910
+917327919170
+917008086325
+919821948969
+919078688127
+918697598386
+917008317979
+916370609411
+919437964473
+919437254588
+919437083447
+919437248634
+917008546876
+919438028117
+918984327544
+919437198482
+919437209420
+919040016000
+919348710530
+919556443403
+919090791822
+919178500111
+919439794407
+919437057188
+918270409287
+917077027115
+919437046861
+917389835971
+918327707470
+919437044283
+919437346158
+919861009638
+919437039582
+919438247111
+919861091831
+917978916662
+919437192155
+918480767929
+919776503311
+919777207294
+919437047616
+919438877463
+919873033287
+919583832274
+919438226062
+919178312436
+919937164086
+919090801070
+919437063539
+919437246722
+919416301239
+919937203971
+918280103351
+919337257512
+919178873835
+919238306194
+919437054610
+919755580087
+919040724900
+918018891933
+919538242200
+919337067606
+918895155284
+918895492122
+919938344870
+919437206590
+919937078623
+919437492094
+919937280491
+918895523111
+919937766118
+919937473326
+919438877412
+919437495747
+919438190233
+918327760097
+917978300988
+919438448048
+918895767143
+918294477198
+919437152403
+919437402409
+917676445097
+919438066955
+919437880327
+919437048323
+919861196595
+919437255942
+919777262871
+919891250557
+919437139247
+919861269332
+919437226751
+919938166905
+919337400092
+917008900552
+919954707713
+919437052461
+919124230021
+919938628331
+917682860204
+919438015670
+919437676577
+919886522657
+917853013087
+919777959850
+918658319824
+919776504030
+919937080076
+918917351206
+919853036009
+919437106806
+919338845451
+917893913720
+917077700319
+918917475005
+919685963810
+917751961133
+919438307223
+919238440092
+917894011859
+918050711968
+919938110363
+919437044061
+917972641569
+917008705504
+919437202828
+918249222572
+919040155786
+919178124949
+918660863913
+917008630355
+918895153174
+918328875099
+919437420054
+919861058608
+918249447970
+919937035317
+919337321739
+919668431880
+917606011633
+919778656525
+919937060027
+919583178697
+919178479622
+919090943436
+919348687552
+919777578758
+919937888590
+919861343117
+919937304766
+919861421157
+917205383707
+919437152670
+919861978009
+918280666393
+919337195289
+919437110193
+919090541595
+917008294476
+919340561911
+919451444352
+919437139039
+919437109780
+919776574846
+919685707172
+919963522777
+919337642150
+918847871593
+917205153185
+919437648513
+917978416858
+919827292195
+917848005506
+919090007222
+919437223618
+919384602030
+919437407323
+919438626308
+919337843569
+919861039392
+919556396111
+919337776374
+917678612229
+919437082821
+919437574390
+919121464418
+917377289891
+919777714927
+17656802386
+918260340553
+918093298092
+919437577300
+918280572476
+919438626298
+919425471720
+919040556659
+919438090709
+919438579929
+919437042624
+917787826999
+919668677932
+919732525003
+919981198007
+919437102917
+919238372865
+918763626864
+919826888823
+919437000723
+918984209499
+917205353546
+919583781822
+918637233353
+919937166553
+918895049790
+919937531369
+918908255371
+919739939135
+919437060005
+919437334893
+919470988888
+918977889627
+919861743326
+919337642002
+919692984448
+919439944404
+919861417477
+919861427107
+919916817717
+919437000492
+919937085343
+918404925938
+918456904403
+919500005236
+919040608708
+919437353518
+919776877888
+918018043863
+919437348568
+919437000733
+918118069595
+917894564065
+919937741640
+917846947955
+919556869154
+919439574970
+917681879105
+917978527475
+917749900743
+918260533328
+919437154121
+919938732959
+919439942880
+919178405077
+919040124314
+917852941723
+919937472072
+919777078274
+919937087460
+917008931521
+919337153916
+919861033517
+919861236394
+919437392596
+17478177655
+919556671755
+919337139963
+919439327821
+918917679133
+919861147718
+917382626814
+919937417333
+918599003199
+917600995050
+917379163142
+917873648585
+919040080188
+919437041880
+919338899441
+917008316932
+919338472170
+919853026263
+919040499902
+919348676202
+919438494533
+919777049981
+917008586476
+917978704806
+919040364006
+919853192786
+919437542542
+919937200117
+919583345781
+919937373788
+919438160272
+919439534251
+919861150005
+919658177177
+919437192727
+919437082454
+918339099894
+919861070790
+919004903784
+919337577792
+918917228991
+918895757103
+919937525255
+917978144976
+919437088977
+919078428824
+919437085589
+919861164402
+919437148704
+919439536095
+919437066083
+919438335016
+919073971025
+919861229505
+919338267455
+919439102217
+919866984547
+919438444111
+919348828201
+918908532313
+919437085128
+918112169169
+919090233004
+919861294981
+919090688200
+917894010197
+919937492657
+919778692222
+919437830000
+917008715743
+919078549666
+917978738757
+919437974449
+919439205918
+919853009900
+919778971167
+917008564915
+919800952071
+911155223355
+919040024110
+919861441292
+919777399512
+919438441200
+919937092333
+919437047463
+919040465774
+917373991599
+919439943334
+919777909606
+918456872151
+917205449952
+919742488903
+919861248751
+919337281369
+918637270034
+916371633809
+919776144707
+919439232948
+918658341661
+919938537061
+91903158797
+919937568737
+919090219643
+919437247432
+917738135955
+919238569844
+919040742220
+919438907604
+919897017504
+919371291203
+918917288462
+919438000352
+918093277068
+919437058370
+918984495400
+919437046103
+919178629423
+919861081212
+918249811513
+919437053866
+919437420420
+917008298356
+919937028982
+919930673302
+917008797375
+919861112265
+917077116123
+919937165155
+919937043224
+919658266933
+919789634107
+917873588921
+919078010037
+918095565234
+919438621453
+919668062063
+919338854611
+919861474921
+919437345891
+919437046586
+919438511557
+917752053794
+919861164060
+919439894478
+917978795749
+919439867755
+917978557159
+918143227718
+919437882225
+919437083329
+919861052239
+919437104299
+919437573417
+918102928219
+919778061222
+919777151678
+919338183638
+919556557745
+919438386787
+917008452435
+919040687568
+919437040605
+919776710005
+918455867924
+919658156730
+918969650460
+919338571565
+919668494150
+919078010057
+919861304335
+917259744880
+917205061616
+918105220220
+919937804547
+918002093907
+919337599999
+919438328195
+917598641902
+919040320326
+918763634151
+918338974544
+917847888494
+919777457201
+919439783816
+918018418056
+919937610167
+919556402918
+919861338145
+918169208272
+919937016501
+919437254200
+919777555001
+919438154621
+919937012652
+919090090190
+919937045761
+919937170444
+919937992793
+919438188547
+917008970816
+919438879756
+918971578592
+916371819025
+918763353136
+919777478493
+917978915696
+919437045120
+918667650639
+919937373383
+917008697772
+919348018162
+916370002698
+918917271491
+919437115808
+917738185602
+919937803159
+917894107794
+919437213969
+919437054121
+919583555557
+918280051557
+919853347616
+919337349105
+919437078950
+919437151254
+919437369009
+917504254638
+917978949557
+919453001078
+919668007370
+919778148217
+919937004479
+919692148999
+917381292929
+919438003604
+919692443604
+917848027877
+919437158580
+919437052463
+918658652214
+919937051374
+919338121561
+919437157075
+918338827159
+919437667947
+918847819823
+917702683636
+919777128950
+918260812104
+918142455565
+917854998327
+919437245715
+919178149029
+919238358789
+917855010000
+917008986868
+919861237535
+918457087784
+917978435563
+917853061231
+919337676630
+919437053539
+919237347103
+917062929295
+918770698352
+917205008358
+919438442284
+919777456999
+919437234904
+919937828134
+919937560409
+919937500341
+919776022211
+917894441422
+919437665190
+917381114444
+919778428999
+919437903475
+919078387385
+919937270881
+919437619311
+919075374366
+919937965335
+919090209876
+919437075863
+919937898567
+919438786193
+918337949494
+916370311022
+918328889671
+918895785689
+919938373527
+919718715140
+919937117221
+919437359187
+917008433520
+918763735234
+919040132032
+918917681518
+919438047912
+919937330563
+917064680000
+919437054212
+18456000915
+919283275683
+919777444357
+919861170621
+919437170453
+919937566793
+919337744144
+919438115555
+919861661614
+919437080883
+918908887301
+917735904001
+919938067770
+918249981751
+918895953262
+917377118958
+919437145010
+918093359236
+919439435378
+919437046973
+917077526600
+919437201410
+919124422222
+919437066301
+917008930821
+919437069141
+919337812045
+919426552606
+919937425521
+919439491308
+919937020534
+919078706961
+919937033537
+919794827313
+919938052824
+919853477447
+919937107705
+919776520888
+918917374260
+918917517497
+919439224786
+919078290923
+918093296315
+919439184851
+919938562517
+919437033584
+917827047009
+917008681624
+917978511137
+919437067916
+919337751730
+918895429402
+919937726424
+919439573217
+918598094848
+917873006725
+917064831765
+918917554306
+919481057328
+918917664944
+917008173807
+919556014234
+919861775828
+919438200498
+919938791917
+918763916929
+919937183777
+919437693196
+919438386192
+919439875165
+917008269268
+918073344370
+919861560734
+919937654459
+919437145991
+919437107338
+919861826880
+918763347235
+919777899693
+919938014226
+917504037444
+919853469282
+917978220091
+919778886633
+919437305288
+919556949872
+919938195712
+919937738738
+919337739868
+919861096054
+918763322516
+919178601974
+919438188056
+918895098656
+919437401345
+918895532841
+919437055326
+919439486710
+919439869285
+919777171351
+919348015338
+917609845802
+919937005068
+918895501126
+918917338138
+919438261590
+919776561663
+918456080090
+917008134353
+918018177702
+919861888663
+918249272186
+919437210886
+919437974115
+918249136508
+919338574430
+919860381638
+919338089477
+919583987897
+919434347345
+919692296403
+919437813773
+919438626316
+918280275701
+919040012398
+919777400302
+919437578781
+916370132844
+919437601605
+918018217782
+919776904156
+919437602102
+919439302139
+919438914371
+917752020788
+918895432879
+919040520335
+919861811225
+919861893063
+919937591316
+919778210101
+917978892617
+919437065593
+919777056305
+919620084411
+919777445500
+919438319069
+918984221890
+919438718133
+919827388038
+919430747413
+917077849205
+919437121707
+919861324117
+919178026319
+917978659347
+919937062974
+919437370435
+919438211714
+919438549717
+917894853854
+919337635431
+918598043163
+919437094370
+917978778412
+919337550421
+919439877912
+918147188952
+917903225909
+918917448376
+919937591330
+918342913023
+917978784178
+919861068053
+918080339772
+919778868888
+918602008603
+919437328150
+919040225006
+919437307297
+919437961746
+917381231111
+919437501044
+918380927697
+919861522612
+919124563851
+917682999307
+919438068982
+917377001786
+916552058970
+917749850999
+918018425652
+919437183333
+918373969429
+917682821757
+919438024469
+917008656058
+918964830658
+919437652164
+919437210636
+919437120556
+919040002991
+919439064482
+919178451743
+919439756969
+919336533976
+919439872613
+919439207713
+919438111000
+919583580555
+917504937277
+919437575001
+919437837111
+917205574239
+918984144243
+917903228479
+919937289224
+919938166862
+919777289002
+919437970596
+919090891801
+918984598742
+917787990228
+919861284847
+918801007456
+917504546051
+917077704071
+919777948878
+918763175176
+918455890237
+919861660379
+918763186290
+918917311582
+919861727245
+919437050398
+917205161329
+919583527377
+919692068105
+917978779224
+919437352117
+917765959289
+918895502391
+919162824644
+918457042983
+918658960085
+918908545861
+918270979850
+919040992786
+917752020117
+18456801551
+919114314456
+919437159563
+919337066809
+919438090550
+917389845435
+919776484517
+919861429014
+919337767162
+919556355999
+919594731113
+919437116822
+919337322253
+919437175980
+919437257723
+918979643434
+919437393408
+919040666921
+919348559231
+919937195955
+919439032119
+918457884049
+919692263045
+917978164524
+919348761166
+919002086934
+919556748486
+919861036382
+919438232960
+919090354548
+918596000085
+919938585215
+919178493678
+918018485218
+919861358341
+919437076780
+918895592959
+918908085767
+919337642197
+919556585338
+919337132355
+918420020940
+919337958046
+919437482846
+917724870654
+919776636365
+919853322994
+919437141502
+917873000519
+917894459518
+919493889872
+918260643716
+918895058499
+917978682467
+919338365980
+918144425063
+919471542980
+919437601296
+919438435881
+919438833045
+918144875842
+919437351887
+917408901000
+918895468751
+919861093683
+919776959477
+918658064266
+919937642722
+919178049360
+919938122934
+917008699266
+919777571784
+917381244248
+919937457927
+918847811951
+919437546307
+919021151912
+918249219287
+918917208995
+919861043389
+919437433147
+918408801294
+919776882299
+919437758034
+919861412710
+919437601076
+918984685893
+919337787762
+917898909276
+919178721431
+919668697663
+919437033145
+919556187097
+919078201240
+919437121269
+919658016786
+919437172645
+919337066809
+919937340800
+917739477969
+918917323966
+919437142115
+918763477449
+919438000516
+919437667987
+966562868736
+917735558049
+919437806418
+919776109960
+18763059925
+919437040194
+917735749077
+917873250269
+919438641686
+919238943323
+919437129465
+917978645454
+918455077726
+919437832032
+917205542763
+917894417941
+919861034819
+918917389238
+917205265563
+919078861882
+919437285542
+919090343466
+919777177256
+919630048881
+919439657402
+919938630423
+919861168277
+917008601442
+919437121519
+918847843388
+919658831538
+919438878874
+919437342526
+919511245907
+919861194408
+919938428030
+917903520749
+919437056068
+919937524160
+917205510809
+918847882394
+918338935109
+919777720224
+919337175594
+919937070556
+919238413062
+917077145273
+917978988648
+919776125094
+17735192200
+919040488150
+919668553253
+919437989999
+918328988298
+919040234081
+919938630426
+919438488128
+919438514070
+917978572033
+919348079703
+919583651555
+919437053525
+919589948900
+919668260401
+919937441430
+917008537115
+917848974787
+917043331402
+919777254379
+919437345777
+919556443113
+918984205419
+918093953101
+919937814968
+919438312330
+919337666877
+916295551885
+919338503001
+918093980103
+918895202886
+919438386216
+919437501111
+918755466099
+918328873865
+919668129530
+919437736410
+919438266663
+919937518736
+919437346797
+919439642143
+919437375353
+919938625090
+919437220292
+919437024975
+919438802625
+919439427806
+919937302819
+919078010011
+919437052295
+919937835566
+917978091501
+918895968943
+919437127211
+918117078836
+919437409800
+917987033766
+918457954294
+917894807676
+918895045386
+919437247949
+919437173333
+919348848389
+919439533081
+918260014374
+917873201915
+919337817784
+919437052339
+919776422255
+919556147034
+917008356094
+919777949767
+919938486011
+919438026868
+919437853429
+918722358888
+917608928735
+917846965743
+919437341039
+919861504897
+919437970602
+918093340058
+919437193499
+917978108962
+918895324032
+918917384353
+918657467661
+919806511960
+919439545993
+919437550800
+919853331411
+918114703909
+917978071445
+919439973215
+917377748495
+918917286321
+919937874141
+919937484096
+919471501145
+919999889116
+917978506040
+916370007641
+918895501952
+918895136723
+917873475222
+918480590576
+917750098186
+919437031037
+918249347621
+919435352454
+917008706958
+919337118296
+919437880068
+919437530001
+919178870364
+918260395644
+919937541444
+919937026316
+917838643523
+919438565668
+918917633658
+918917642227
+919438818444
+919178741744
+919937338901
+919777307103
+918008589679
+919937813391
+919504560367
+919040334485
+917978156467
+919437146810
+917681805491
+919437130549
+919437257118
+917008095120
+919437417800
+918599010599
+919437441190
+917684060147
+919861564455
+919437629388
+918338991332
+917978081517
+919853600764
+918847845209
+917978203426
+919937257111
+919668863233
+917539094498
+919437153372
+918895501417
+919937466459
+919937378346
+917043577960
+919437963284
+919337929069
+917540916970
+918917264241
+919179064841
+919438144768
+18144053776
+918260701999
+918260065137
+919668275658
+919438370101
+919437340130
+919873894849
+919437419997
+918260492800
+919437420984
+918521008810
+919439164798
+918114395707
+919337698535
+919861014212
+917978040581
+919938490686
+919861403631
+917978203126
+917381612865
+918085058960
+917724811541
+919438727416
+917655849663
+918637254262
+919437134039
+917894410738
+919869537643
+919899394937
+918926179494
+918249184770
+918260494928
+917978125300
+919040505741
+919178672827
+917022466118
+919968981350
+919776353430
+918249396475
+919556019968
+917873695432
+919776997893
+919437152800
+919937298906
+916205794113
+918118099503
+919937775841
+919438352890
+919437198900
+919437202022
+917999563247
+919040338943
+917008000467
+919438277657
+919438398741
+918599010521
+919556606666
+919937251217
+919438626608
+917992700000
+919778539977
+917894439766
+919932987908
+918895504345
+917978083596
+917809819483
+917948943971
+917682810171
+919040165283
+919717044484
+919853071808
+919987010817
+919903302807
+919437380447
+919861498403
+919078939338
+919040747137
+918763645189
+919861644837
+919437767676
+918279396755
+919584004001
+918884151027
+919835080199
+919090889788
+917978971227
+919937474886
+919437104400
+919776148904
+919937126444
+917978363517
+919439781786
+919692930093
+917077147888
+919178861187
+917008794269
+918926020897
+919556134066
+919437327392
+917978452709
+918056201404
+919437059113
+919437172190
+919776590905
+919778571002
+919937105118
+917008690905
+919437115527
+917008290483
+919937394111
+918658646567
+918892040621
+919441046380
+919777342080
+919040443063
+919938301116
+919437049910
+918895504085
+919178343255
+919437021457
+919861294774
+919777549474
+919040308886
+918338914498
+919438879881
+917205207413
+919439050219
+919861188710
+918093305040
+919938042626
+918984009931
+919827378338
+917008770985
+919437084049
+919040353336
+918792144120
+919439276248
+919337822250
+919853174141
+919437153056
+919238322423
+919437115871
+917978191471
+918328972303
+917004614142
+919437964204
+918908909483
+919439078767
+919551912994
+919937394444
+919692062888
+919658248055
+919454331807
+917205808092
+919338798371
+919658522574
+919178347357
+919692879309
+919338451873
+919583563744
+917653967040
+919438333390
+917852907548
+919439420897
+918827477445
+917978782017
+919777456982
+917389965555
+919937297886
+917978486765
+91993705285
+917008082903
+919438386328
+918966062200
+918249593298
+919437057001
+918926030826
+919439394634
+919437048546
+916370322621
+919437249273
+917008163650
+919040887198
+919438247333
+919668828314
+919300813504
+918327723408
+919337534181
+919438484248
+919132840536
+919938550533
+919861087987
+918455868156
+919937522874
+918280189622
+919108207766
+919937148555
+919090464848
+919975806649
+919090304346
+919348506302
+918455868079
+919777582685
+919178213003
+919668200666
+7978943971
+919937297829
+919692255100
+917978530750
+918917582798
+918908020555
+919337669598
+919337887041
+919861586294
+917008661724
+919439767339
+918260777550
+919090914502
+917381026726
+919777082786
+919078162265
+919500165388
+919861032113
+916371932216
+919667462801
+919437059697
+919937215383
+917978792720
+919124494076
+919042628408
+918457055007
+917978309132
+919583924739
+919853318707
+919861724992
+919668281021
+917381790000
+917077743201
+919124994887
+917008508799
+917587445729
+919937763777
+918763501206
+919437255786
+918763165520
+919040884776
+918249906967
+917978629108
+919583416704
+919583665566
+918249181566
+919090555321
+919337683164
+917008845915
+918456093778
+919861319640
+919861744091
+918984348626
+919658229911
+919801384339
+919337612855
+919439087070
+919692914118
+917008542128
+917771814441
+918895917785
+919035604047
+918093890217
+919131159944
+918144344616
+919348729845
+918847862996
+917381544134
+918090178955
+917504552810
+918984360643
+919611249810
+919938383806
+917008969659
+919439040401
+917008980380
+918910735167
+917008613369
+919437058344
+919534021389
+917077473804
+917978908722
+919437146063
+919693495191
+918658622019
+917381111164
+919886949713
+918895500817
+917077743311
+919124914036
+919853380164
+919556572377
+919439950366
+919205586939
+918260591038
+917751828187
+918249464850
+918249281502
+919853620525
+917008186800
+919876543210
+919337976985
+917381013609
+917978750408
+917948214684
+918328915453
+918018211821
+919692841054
+917978821199
+918458018788
+919337645341
+919937056623
+917809808650
+917377090377
+919124093555
+917873191234
+919938678523
+917381788094
+918328952791
+919861056343
+919439777128
+919884011428
+917978545537
+919438058094
+918977174441
+919937015459
+919437196676
+919777403471
+917205732181
+918599006333
+919439790655
+918455095020
+919575154162
+919348872859
+917000095702
+919425826804
+918093297502
+919437219090
+919438845820
+918895514859
+919439942901
+917978016603
+919861111303
+919437316745
+917750909224
+919776059878
+917377432923
+918349956126
+917033394447
+919753743377
+919439533302
+919437566758
+918763801187
+919348243096
+919437053642
+918093024764
+919937252465
+919438877408
+919861029984
+919438907677
+919437041611
+919040904074
+917682860191
+919437194609
+918658293545
+916372116160
+919437222628
+919937204543
+918018060803
+919040315471
+918270010187
+917381981016
+919337559897
+919861779677
+918260763890
+919438546307
+917719086870
+919630016054
+919776655939
+919437045951
+918917261944
+919439956457
+918895124396
+917999808482
+919861008489
+917978756895
+917735947257
+919937660017
+918849531930
+919606808438
+919437324761
+917008548218
+917008551244
+918602088263
+919861426831
+919938389499
+18895442384
+917978520840
+919337597385
+918249562685
+917377775518
+919113197712
+917676016375
+917797892123
+919861368591
+919178378622
+917381162009
+919776854793
+919437837894
+919437502297
+917377557377
+917978583458
+919040055575
+919692190439
+917655841879
+919437266829
+919938320054
+917978503512
+919437056597
+918121821839
+919938770170
+917381441189
+919178258537
+919437249189
+917873293383
+919437137858
+919437328812
+919938181507
+919937378755
+917008600691
+919437338341
+919090235045
+919583188977
+919438573069
+917381991699
+918895914299
+918875967194
+919827748415
+919692220001
+919090235405
+919777879700
+919937118036
+918327763682
+919437758702
+918249061110
+91977687696
+919437414114
+918815567268
+919937590308
+917008764864
+919853351661
+917750031474
+917978697692
+919438606160
+919434777168
+918280116611
+919937705848
+918018412415
+917717720035
+919437972510
+919993412562
+919938562427
+918598938355
+919437152119
+919439392281
+917008943962
+919040535601
+919861366570
+919692551811
+918948991513
+917751864828
+919437347359
+918328963290
+918456885096
+918093475367
+917008251208
+919766453890
+917008353181
+919778177776
+919938423722
+919937365831
+919937243735
+919937444955
+917008601009
+91700890333
+919425534683
+919776947230
+917894561662
+919175823925
+919937529970
+919937005664
+919861044439
+917978215520
+919999229999
+919437979395
+918008687333
+917974140644
+919650697373
+919937503337
+917064415307
+919658111162
+919556144702
+919263634233
+919437160466
+917077037844
+917377118782
+918895444404
+917327032146
+919861642737
+919040166256
+919711190475
+919542505215
+919981741797
+918763906993
+918895609783
+919437059641
+917049850000
+917008206715
+919930617796
+918770467102
+919263894307
+919777817522
+919439596959
+919937048444
+918978172825
+919937328407
+917381064350
+919437220539
+919658714927
+917735522220
+917077063684
+917537913162
+919770598789
+918260555400
+919937013565
+919439695829
+919937815999
+918260904618
+919776827766
+919437056802
+919937771228
+919938320083
+919938536299
+919937510833
+919438400447
+919937404565
+917008798400
+919399678586
+919937093750
+919861351337
+919754328876
+917008929637
+919437033236
+917008770983
+919937420678
+918249529300
+918658400205
+917735802249
+919938533099
+91704481481
+917396455125
+919937294017
+919437684775
+917458011723
+917684074698
+919131033760
+919776698124
+919777412369
+917488349927
+919934969226
+918249785931
+919124859561
+918637203388
+918895092564
+919227295502
+919437127171
+919121231142
+919348937827
+919972446693
+919438479697
+919438514878
+919771814686
+917894066903
+919437047792
+919777666525
+919111006027
+917606011603
+917461927506
+917044481481
+918458013580
+918917489100
+919853422021
+919583139523
+919776758942
+917735745602
+919439639211
+919938014124
+918847818772
+917978202103
+919937077940
+917008931202
+919437057004
+919437420056
+919437222653
+919437348786
+919777347700
+918763026868
+919642804727
+917427893783
+918895700340
+918018043222
+917253800710
+919937696916
+917008351811
+919630239140
+918249174900
+919424149761
+919776876078
+917751856476
+919337913151
+918917489181
+917978353597
+919827255020
+919556995727
+919437168562
+919437254400
+919438122133
+917978973731
+919668206056
+919438093343
+919437429891
+917873428979
+919178304245
+918908579892
+919337447817
+919741091062
+919490312983
+918093541484
+917000371599
+919338472811
+919583545004
+918917596808
+919437048218
+919439432048
+918051223280
+919438648327
+919776711311
+919937488951
+919090660640
+919668494878
+918895501350
+919437244916
+919090301285
+919348622095
+919437333191
+919853944535
+919937560507
+917008703563
+919691764725
+919861121943
+919776499181
+917066019235
+919583639374
+918249124139
+919938311204
+918763474939
+919438180796
+918889487861
+919124069761
+919262294389
+918763578437
+917681812199
+919937747993
+919650697476
+918839870035
+916370149643
+917978086517
+919776145309
+918144429403
+919337938122
+917892356791
+919337128483
+918908666908
+919861960033
+919777893783
+918770914838
+919040938040
+919777451287
+917008136754
+918596827999
+919439949362
+919680924899
+917978282182
+919776197768
+918976805678
+919777095745
+919178451731
+919861724954
+917978932044
+917797087227
+919771416107
+918895395900
+919439365263
+918457891410
+919438007715
+918926078165
+919534115559
+919301268082
+918093900388
+919113741372
+919437540202
+917978535451
+918457042841
+918637297139
+919964100517
+918917321051
+919570008237
+918239781552
+917608807679
+919861284384
+919178951576
+919937019462
+918093617581
+919777822563
+918984958984
+919658383751
+917978484257
+919778083457
+919937773355
+918455868144
+919937574708
+919438523785
+918270933944
+919861634243
+917008324132
+919668436497
+918895870484
+919658060108
+917978599387
+919300621181
+919437225106
+919777458359
+918280709009
+919583580560
+919777487105
+919439431496
+918085105100
+919439033975
+918917641940
+918658123123
+919337352190
+919861990591
+918599963584
+918018043061
+917205535343
+919737193032
+919937107078
+919937926267
+917788932366
+918908692111
+917898905467
+919937306657
+919439000320
+918895265449
+917750075612
+918339007477
+919437089789
+919438785459
+919853576750
+917978655294
+917980995803
+919777026513
+919938563036
+919124703378
+919078359284
+917852944411
+919937890130
+919938503298
+919464867969
+917008607892
+919237061704
+919439087561
+917008113882
+919437052120
+919777811227
+919438877311
+917008433797
+919778907777
+919437083314
+918917582038
+919903214726
+917855009955
+919777601095
+918895325373
+919668066144
+917008566388
+919938817719
+918249012225
+919237063773
+919438275191
+919861261510
+919437933182
+919439222814
+919178419555
+918447062072
+917903296664
+917008294674
+917605978244
+918658191018
+919891950751
+918249735952
+918763779255
+919937928906
+919178766239
+917504476082
+917008451107
+919437062366
+918114789552
+919583851841
+918597738065
+917684059441
+919981936064
+919717246491
+917978029675
+917978354200
+919090237339
+919937058650
+919348397614
+919437349338
+919437051777
+918093028734
+918895494892
+919853204489
+918327747539
+916206025138
+919348383614
+919040660878
+919437402459
+918597736065
+918339099891
+917325904820
+919078979744
+919326277660
+919040030636
+919437063084
+918895948548
+919437366360
+919861058315
+918093688210
+918018082559
+917878687728
+919438472777
+918895128745
+919439633177
+919937294323
+919937457076
+919437198724
+917008410930
+917539841388
+917978861913
+919712907370
+919583361718
+919238449193
+919437193032
+917327956809
+919777137555
+917250636331
+917978586197
+919437139470
+919776636499
+918280062988
+98457913611
+918658687099
+917504608446
+918895504248
+918118093151
+919437046453
+919777433444
+917978901674
+916370810550
+919937207866
+919937072187
+918455969763
+917205008106
+917838716971
+917008926421
+919861868559
+919937665987
+917008651018
+917682829032
+918249603912
+917008737273
+919937903767
+919437179817
+919078222480
+919938938886
+919160481948
+917873000006
+918926006865
+919937055439
+919238306217
+916371777958
+919861256648
+919040639913
+918456814354
+917978335331
+917008837673
+918281170015
+919337350095
+918280233957
+917381840646
+919937019783
+919692397410
+919040434440
+919040880407
+918117826063
+919827314551
+919040501395
+918280014170
+918249895507
+918895500565
+919090300930
+917749027350
+918895500949
+917735752487
+917381052643
+919778442080
+919437116177
+919438624803
+918249887513
+919861160804
+918260490955
+919437145266
+919040521800
+919861576678
+919778061284
+919937645061
+919861184209
+919437340742
+917978185441
+918763798102
+918895763226
+919437647286
+919861153000
+919439552281
+919437139422
+919437083038
+918327792029
+919437920140
+919438392828
+919861955756
+917848800441
+919438209350
+918763323074
+919348328446
+917008136355
+919437265380
+918249149615
+918455822753
+919040515846
+919861295370
+919437198921
+919337883976
+917656019334
+919938423319
+917008765208
+918908275255
+919937260444
+919998989990
+919953947822
+917903235693
+919438045673
+917008055473
+919938838662
+917205700601
+917381612134
+919437153023
+919303755720
+917978369118
+917008283811
+917008574674
+918558879038
+918709343029
+918895838505
+917008357588
+918249312188
+919658872017
+919348152729
+917008341875
+919861183728
+918763282712
+918249787637
+918861455185
+919040043988
+917978214684
+918077357927
+917008322645
+917903240934
+919949768921
+917978914011
+918249983162
+919658513067
+918018500427
+917751939979
+917008918342
+919658521844
+919438392911
+919011752593
+918144443956
+919937430418
+918873218195
+919938090100
+919060284196
+917008018155
+917999705369
+919437874563
+919668502503
+919778484601
+918908530326
+919437257674
+918018937312
+918260273815
+919668569992
+917752026257
+919776378583
+919937072631
+918959122221
+918458071868
+917977082266
+919583529869
+917291855514
+917978798120
+919777467492
+919124549508
+919937259969
+919583254981
+919827176576
+918456995921
+919337793388
+917008575863
+918763905325
+918249363970
+91966856992
+919861127237
+919437981826
+917008409917
+917008904104
+919583033034
+919439492775
+918917368793
+919341509428
+918018043205
+918093156358
+919348149061
+917681899405
+919438426379
+919861449840
+919120606753
+919438125617
+917789911575
+919937871601
+918050336592
+917978813906
+919348576656
+919078342065
+917988643173
+919078695017
+919437609153
+919337556265
+918147220654
+917204725919
+919182696324
+917852954535
+919742011133
+917978026776
+919035827154
+917978448095
+919437409743
+918975645345
+919776261455
+919439733226
+919777981111
+918984584480
+917008571634
+917978260734
+919827948185
+919778852193
+917752020987
+918339991758
+918270168924
+917978868234
+919937061970
+919438074731
+919937568669
+919429001315
+918877744421
+917377769329
+919337806904
+918249077760
+917008261671
+917000591159
+917008083026
+917988036274
+918861613895
+918763448951
+919937077896
+919938618900
+917008327563
+917978721662
+919938034884
+917008228949
+916370835640
+919438855118
+917011375355
+919937742409
+919439424726
+917327801400
+919937217027
+919861003555
+919778830406
+917008567833
+919861003555
+917978656936
+919439533478
+919861036786
+919437194159
+918249019659
+919439536068
+919853045520
+919777747470
+919701257829
+919437586305
+919439230405
+918658585932
+919523725483
+918895916987
+918908423992
+919348862336
+918101463366
+919438168380
+917013043416
+919078692507
+917008907274
+917980807728
+917008029994
+919861712345
+917327983057
+917682867926
+919300001541
+916207188475
+917978128835
+918249341915
+918456057904
+917978632413
+917978149868
+917008166005
+918598800561
+916370509855
+919986217736
+919861518896
+919437360924
+917008013804
+917008364554
+918763778347
+917987232250
+919583894555
+919699972661
+917008530210
+917683892957
+919437465092
+918763220826
+918895967686
+918629965449
+919778559194
+918541956374
+919938026940
+919090907722
+919439509940
+917735605356
+918144985735
+917008172518
+918984582012
+917654321098
+917978418115
+919668063520
+917978066738
+917205915973
+919668394336
+918553979121
+919348029895
+919776646646
+919556246224
+919437355993
+918917378503
+919938376726
+919437363284
+917978743331
+917064052302
+917377133296
+917008534652
+917205533360
+919348820690
+919776392280
+919348473578
+919937900374
+919937822328
+919124185870
+917008288394
+917008765824
+917064475143
+918897485425
+917978770835
+919937235777
+919777445377
+919348473575
+918637282570
+918917546171
+919938221831
+917735269600
+919441161830
+918763800582
+918637239006
+917869471139
+919949925893
+919040082911
+917684094129
+918093990799
+918338049040
+919098197000
+919776403311
+917014621174
+919938546490
+9647834895672
+917847801216
+917205745814
+917008217595
+917077743511
+919009526777
+919853080555
+919778296821
+919079892819
+918249845445
+918114986158
+917978034412
+919861549519
+919438513253
+917978937771
+917987726041
+917008920946
+917749865389
+917008688841
+918658376041
+918763494406
+918599869755
+917978938124
+919437115603
+919348160348
+919437859414
+919178782519
+917978063874
+919437528347
+919583637089
+919155679800
+919861637030
+919473131009
+917682875236
+919778057812
+919861351115
+918895840031
+917205212168
+919178448042
+917978798300
+917008370356
+917008270727
+919770937327
+917763802033
+9172052121618
+918018096569
+919437253423
+917008197185
+919311469683
+919739593882
+918895230557
+917978108791
+917807496408
+919348794623
+917855848863
+918984241357
+918092677786
+919437421111
+918767562424
+917865678987
+917654672617
+918114733510
+918093041789
+919776183325
+919861568967
+917008956343
+916478048228
+917735661187
+919861573699
+918455868135
+919777021997
+919437085376
+918969214476
+919777079971
+919668870252
+919178896301
+918015163870
+917873872888
+919861569606
+919861606579
+919789474490
+919938661641
+918895044143
+917010483065
+918917629960
+917504007559
+919178227505
+918249996599
+919337588911
+919853414243
+917008499717
+919348936003
+917077062324
+917989112392
+919776041698
+918455867905
+919835194309
+919438713120
+918249411614
+917008604769
+919778233784
+917077409019
+919052999947
+919583466502
+919144234345
+918073836753
+917873341561
+917077385381
+919010251808
+919437175923
+917978796924
+916370266912
+918249252056
+919937852688
+917008375027
+919987750495
+919437059433
+919437355247
+918369549662
+919178753344
+919439814646
+919776167556
+919937510910
+919861018404
+919861177768
+919827215240
+917008672063
+918249535984
+917205691825
+917008779773
+917498741128
+919337405274
+919818021187
+919668694342
+919936497128
+917978930854
+918249698460
+919988777743
+918249165776
+919437990002
+919098145623
+919348822668
+919090194743
+917978992800
+916287099609
+918363737261
+918018843795
+919687699109
+919437909976
+918260538391
+918789887788
+918658829331
+918908490182
+919937783900
+919937237318
+919777766658
+917008500946
+917381595766
+918249394318
+918549698460
+919337821616
+918917462288
+919438488280
+917978835769
+919711983442
+919437043399
+918917210278
+919437444999
+919437057533
+918457982762
+917847969788
+918144542615
+919861850450
+919776662140
+919658398110
+919777212140
+919348241994
+919882478331
+918249036603
+919439319614
+918763788937
+918050039755
+919777296962
+918763429050
+919827809992
+917008628241
+919110686856
+917999454727
+919579600960
+919437256929
+919776424999
+917008630762
+919348033535
+918260333302
+918455040598
+919632311137
+918895549898
+919668866983
+917836035215
+919938416528
+917992423767
+917381181690
+918097716929
+919938321818
+918847868248
+917008520781
+918657828638
+919630459467
+919439096837
+919861366670
+919668608430
+917008085738
+919937360170
+917064705937
+918917435703
+919040337164
+919674222631
+917566681314
+919692837440
+917377537009
+918114796059
+918917472142
+919755330372
+918252728767
+919425233941
+918917358398
+919937215333
+918018119642
+919439942455
+918763178859
+917717732856
+917000603462
+918018038787
+918861448382
+917077637805
+916376240882
+919449825120
+919177625852
+918302936494
+919494922228
+916371517362
+919040576052
+918455811465
+919304665290
+919777038184
+919937316413
+917752041963
+917978986505
+916371080194
+918287925250
+917854899921
+918339098813
+919304900539
+919090270665
+919437586606
+918249616184
+919337056640
+919717704037
+919040443472
+918114386836
+917008969390
+919861545463
+919438771064
+918884437121
+919437003566
+917978022650
+919777698397
+918093140280
+919040755562
+917873797472
+919090456235
+919002843731
+917008361780
+919632636600
+919937464943
+917735823713
+918018658451
+919861470439
+918249753109
+919777114331
+917004020614
+917205041827
+919778899997
+919515267530
+919348021418
+919178373245
+918458082766
+917978662952
+919040191025
+919776309552
+919439557028
+918093361448
+919437341838
+919938731080
+918260616424
+917809378102
+919937059423
+918093339757
+919897055653
+918249653329
+918983640197
+919124999978
+919040500951
+919893007897
+919040601937
+919437139398
+919438427586
+869437657634
+919755636100
+919438258177
+918826337198
+917656024712
+918249060437
+917978074816
+918249159740
+919861743325
+919776090999
+917377918525
+918340280411
+918249098833
+919861084408
+919778584044
+919876543212
+918037288826
+919082607906
+919937015987
+919692129933
+918455838171
+917978760279
+919938355589
+917042520307
+918080643232
+919708059171
+919677074560
+917008268122
+917008457563
+918249867416
+918596933547
+918093054266
+919437437068
+919983233389
+919547096044
+919424468651
+919437040221
+917008520774
+917010791780
+918917560463
+919437008024
+917815099206
+917377614204
+918249336641
+919178591927
+917978389500
+918658564375
+918599880680
+918904766029
+917008555430
+919090303023
+919556113357
+919347029619
+919337995643
+917008666129
+916201123738
+919937503048
+919522867200
+919552577125
+919770937237
+917894417858
+917894922188
+918971466904
+919861425425
+919437253439
+917894877419
+919438336284
+919658429393
+918435164786
+919337682387
+919937530310
+917873812465
+919668507007
+917008217644
+917377263846
+919776792791
+918328925074
+918908772381
+919337983060
+917894617617
+918658948354
+918598097623
+917855885858
+918895220268
+919124550000
+919777549711
+919437024801
+919795178971
+919861052920
+917974648562
+918895541221
+919178638528
+919658827178
+918249102917
+917991088764
+917903121918
+918755534704
+918763041932
+917415537559
+917240841334
+919437048374
+919425252885
+917377534894
+919777477884
+917008083762
+919237120962
+919583900231
+917978676711
+919439899977
+917978664506
+918319181990
+919827410553
+919040005151
+919583469561
+919778709821
+917978486301
+918260382444
+919993866637
+919090367794
+919938231581
+917735155161
+919131718797
+919821115404
+919937100000
+919304147382
+918917499477
+919713520000
+918895294004
+917008114767
+918458041841
+919437379303
+919853929622
+918260584396
+918455865031
+918984462474
+918895504336
+917978990699
+919438847071
+919337900522
+919556010713
+916371635178
+919981208006
+919861592049
+916370037126
+917631142434
+919437042909
+918249495059
+919938730353
+917008984028
+918114648600
+919871477887
+919124186060
+917979817665
+917008783737
+918986881196
+918596029079
+917978613324
+917894754073
+919438545214
+917723013895
+918658335600
+919827777952
+917536009440
+919668581991
+917067772314
+917008136765
+917978282709
+917978998370
+917653809742
+919337752438
+919040493726
+919348357656
+918327713670
+918917676715
+919040892531
+91884885882
+919692653973
+919876345264
+919583532528
+919040132268
+917008482039
+916372272645
+918658481911
+918789918773
+919437683570
+918018134959
+917978208751
+917440185285
+919337924581
+917681827721
+919937083066
+918847812923
+918981733740
+919938506111
+918249851769
+917990095571
+918337933476
+918763007187
+919853373210
+917016806409
+917766900066
+919438634488
+919507068896
+918249247787
+919692833657
+918895503323
+919437199013
+919583322577
+917008769028
+918521502039
+919884954354
+919439993582
+917855881504
+917751844326
+918847854763
+919439402100
+918908634959
+917894260801
+918917665099
+919178920653
+918895940078
+919937104525
+918447305280
+917620238881
+917006913402
+919437343246
+917381504048
+918073931916
+919583538370
+917077026910
+919861856913
+919556735177
+917205014144
+918658413907
+919685040000
+919437048456
+919658253846
+918249636166
+917008485797
+919776562326
+919937210395
+917978747593
+919938653282
+918249093603
+918917288879
+919348589028
+916370460840
+917799812696
+919437151025
+919090268530
+917381015086
+919583377287
+918249275900
+917847007784
+919938124118
+919478979349
+918249115538
+919337357931
+919853485439
+918018920464
+919039272354
+918763260491
+919937084016
+919861044625
+919777999079
+917415548443
+918697777477
+919937550516
+918895355087
+919359364466
+919669787800
+919000641839
+919658884410
+919040626626
+919439633856
+917894896974
+919778086223
+918984676858
+919938084602
+917008944043
+919667495835
+917978140491
+918658873746
+918658038933
+916371444647
+918248380691
+917008834835
+918328861237
+917978864681
+917004275133
+918085663355
+918945960765
+917978337046
+918280812924
+919861285466
+918871632589
+919437249024
+919437663604
+919334863199
+918763732265
+919853877437
+919437255993
+919658710140
+918280723626
+919078838436
+919348963920
+917008542236
+918455939932
+918763778690
+917656804060
+918901928374
+918457894117
+9178009294857
+916372479410
+918018272425
+918114337811
+919583566777
+919778210165
+919955805573
+919777259249
+919754083544
+918327789065
+917978097225
+917008857900
+919237128826
+919078838436
+919658710140
+91asdasd
+918280751551
+917827216201
+918648866561
+18093174557
+917978772017
+919179454842
+919658727280
+918917263475
+917894137800
+917064206430
+917809294591
+917008199822
+919337949636
+919777454089
+918249390873
+918109085339
+917978745924
+917991014155
+918763744767
+917978138098
+918457805242
+917024903111
+917008344150
+919437039842
+916371918182
+917008926780
+919752491737
+919752491737
+917978091810
+919437598950
+917205888933
+919937617672
+918208187569
+917873006711
+918103151821
+918103151821
+919438690499
+918984824090
+917606897093
+919739620288
+918018043275
+916372625782
+917873771129
+919040440740
+919861082598
+919337042598
+918867115018
+919861043093
+919858668522
+919973367223
+917880606929
+919438164277
+918658345941
+917008619455
+918270028357
+917735395090
+918249040820
+917894991712
+919439867755
+919438310041
+917077015473
+918249389729
+919437047061
+919438879879
+918249385922
+919438656287
+918895317688
+917008586640
+919437110024
+919937000975
+917855043370
+917008954513
+917008865346
+918240440128
+917377147247
+919776622678
+919776025201
+919437140350
+917978309695
+917339871490
+919121772182
+919776184873
+919937006684
+919439430512
+917381049597
+917008322463
+919437502466
+919802601715
+919078141818
+917077911781
+919776792790
+919658899307
+9199388923837
+918458082255
+917008345929
+917978436243
+917978436243
+919981099555
+918093940608
+918280300008
+919337127659
+917079957893
+917004811164
+917488250324
+917804998737
+918327765114
+919438392125
+917008336800
+918280472147
+919123262614
+919178800833
+917896698195
+919771491533
+919439055292
+919437048726
+918658982026
+917978099022
+919668980966
+918018098710
+918917600021
+919658412669
+918637282812
+918249582865
+917978447610
+919937294189
+919178306181
+917064425695
+918895184559
+919238405605
+917978462689
+919439187388
+919437173355
+918340773620
+919938953292
+919040500346
+917205375133
+918457079873
+918895503556
+919861350818
+919078139888
+919752491753
+91Mohnaty
+917894470139
+918895936176
+919668998872
+918763300133
+917735626134
+918434476829
+917978719087
+918018099889
+918085147295
+919437046667
+917749861047
+916371687064
+917735433583
+917978940892
+917978309239
+917205808242
+917064646100
+919437417697
+919438642027
+917738692366
+916370544760
+919437047302
+917978976081
+917873330749
+918249316594
+919348717988
+919778583311
+917978129879
+18319777207
+919692824375
+917806050002
+918961438619
+919265692313
+918144052744
+919779589737
+919845084649
+919238253145
+919439416032
+919114139969
+918260780564
+917003486265
+917894050565
+918458083803
+919845084649
+919437247515
+918895778627
+918249603827
+918454950468
+919437222255
+917000595701
+919861036686
+919090626202
+919337427397
+919775505845
+919937034001
+919348155792
+919861160874
+918984006900
+918088442633
+919937119764
+919437348349