+919078063775
+919437200811
+919348646839
+919717999451
+917978231330
+14168765540
+22964192302
+918270237848
+91nan
+917548013411
+919776527516
+919861705550
+916371576621
+919556490550
+919861428280
+919937225544
+917008358142
+917008369004
+918249944299
+917008315925
+918877227722
+918018060111
+919853979028
+918588075661
+918249219504
+919361535410
+918895360198
+919437495434
+917008427817
+919489002797
+918658437795
+919583857075
+919439000001
+919438912454
+918984246885
+919438122837
+919438866500
+916376148625
+919948028953
+917008681691
+917978407785
+919040794241
+919861111113
+918600672710
+918018099860
+919692597185
+918328894980
+917008650875
+918319850826
+919778258737
+917077105222
+919938467194
+919437960868
+919853409030
+918338000007
+917848895088
+916371958107
+919938311257
+917008095133
+917406345345
+917991022269
+917855990056
+918260704418
+919861420500
+919162207481
+919937552969
+919337677909
+918144550380
+918249219504 
+918457980137
+919890595910
+917327919170
+917008086325
+919821948969
+919078688127
+918697598386
+917008317979
+916370609411
+919437964473
+919437254588
+919437083447
+919437248634
+917008546876
+919438028117
+918984327544
+919437198482
+919437209420
+919040016000
+919348710530
+919556443403
+919090791822
+919178500111
+919439794407
+919437057188
+918270409287
+917077027115
+919437046861
+917389835971
+918327707470
+919437044283
+919437346158
+919861009638
+919437039582
+919438247111
+919861091831
+917978916662
+919437192155
+918480767929
+919776503311
+919777207294
+919437047616
+919438877463
+919873033287
+919583832274
+919438226062
+919178312436
+919937164086
+919090801070
+919437063539
+919437246722
+919416301239
+919937203971
+918280103351
+919337257512
+919178873835
+919238306194
+919437054610
+919755580087
+919040724900
+918018891933
+919538242200
+919337067606
+918895155284
+918895492122
+919938344870
+919437206590
+919937078623
+919437492094
+919937280491
+918895523111
+919937766118
+919937473326
+919438877412
+919437495747
+919438190233
+918327760097
+917978300988
+919438448048
+918895767143
+918294477198
+919437152403
+919437402409
+917676445097
+919438066955
+919437880327
+919437048323
+919861196595
+919437255942
+919777262871
+919891250557
+919437139247
+919861269332
+919437226751
+919938166905
+919337400092
+917008900552
+919954707713
+919437052461
+919124230021
+919938628331
+917682860204
+919438015670
+919437676577
+919886522657
+917853013087
+919777959850
+918658319824
+919776504030
+919937080076
+918917351206
+919853036009
+919437106806
+919338845451
+917893913720
+917077700319
+918917475005
+919685963810
+917751961133
+919438307223
+919238440092
+917894011859
+918050711968
+919938110363
+919437044061
+917972641569
+917008705504
+919437202828
+918249222572
+919040155786
+919178124949
+918660863913
+917008630355
+918895153174
+918328875099
+919437420054
+919861058608
+918249447970
+919937035317
+919337321739
+919668431880
+917606011633
+919778656525
+919937060027
+919583178697
+919178479622
+919090943436
+919348687552
+919777578758
+919937888590
+919861343117
+919937304766
+919861421157
+917205383707
+919437152670
+919861978009
+918280666393
+919337195289
+919437110193
+919090541595
+917008294476
+919340561911
+919451444352
+919437139039
+919437109780
+919776574846
+919685707172
+919963522777
+919337642150
+918847871593
+917205153185
+919437648513
+917978416858
+919827292195
+917848005506
+919090007222
+919437223618
+919384602030
+919437407323
+919438626308
+919337843569
+919861039392
+919556396111
+919337776374
+917678612229
+919437082821
+919437574390
+919121464418
+917377289891
+919777714927
+17656802386
+918260340553
+918093298092
+919437577300
+918280572476
+919438626298
+919425471720
+919040556659
+919438090709
+919438579929
+919437042624
+917787826999
+919668677932
+919732525003
+919981198007
+919437102917
+919238372865
+918763626864
+919826888823
+919437000723
+918984209499
+917205353546
+919583781822
+918637233353
+919937166553
+918895049790
+919937531369
+918908255371
+919739939135
+919437060005
+919437334893
+919470988888
+918977889627
+919861743326
+919337642002
+919692984448
+919439944404
+919861417477
+919861427107
+919916817717
+919437000492
+919937085343
+918404925938
+918456904403
+919500005236
+919040608708
+919437353518
+919776877888
+918018043863
+919437348568
+919437000733
+918118069595
+917894564065
+919937741640
+917846947955
+919556869154
+919439574970
+917681879105
+917978527475
+917749900743
+918260533328
+919437154121
+919938732959
+919439942880
+919178405077
+919040124314
+917852941723
+919937472072
+919777078274
+919937087460
+917008931521
+919337153916
+919861033517
+917008480771
+919437392596
+17478177655
+919556671755
+919337139963
+919439327821
+918917679133
+919861147718
+917382626814
+919937417333
+918599003199
+917600995050
+917379163142
+917873648585
+919040080188
+919437041880
+919338899441
+917008316932
+919338472170
+919853026263
+919040499902
+919348676202
+919438494533
+919777049981
+917008586476
+917978704806
+919040364006
+919853192786
+919437542542
+919937200117
+919583345781
+919937373788
+919438160272
+919439534251
+919861150005
+919658177177
+919437192727
+919437082454
+918339099894
+919861070790
+919004903784
+919337577792
+918917228991
+918895757103
+919937525255
+917978144976
+919437088977
+919078428824
+919437085589
+919861164402
+919437148704
+919439536095
+919437066083
+919438335016
+919073971025
+919861229505
+919338267455
+919439102217
+919866984547
+919438444111
+919348828201
+918908532313
+919437085128
+918112169169
+919090233004
+919861294981
+919090688200
+917894010197
+919937492657
+919778692222
+919437830000
+917008715743
+919078549666
+917978738757
+919437974449
+919439205918
+919853009900
+919778971167
+917008564915
+919800952071
+911155223355
+919040024110
+919861441292
+919777399512
+919438441200
+919937092333
+919437047463
+919040465774
+917373991599
+919439943334
+919777909606
+918456872151
+917205449952
+919742488903
+919861248751
+919337281369
+918637270034
+916371633809
+919776144707
+919439232948
+918658341661
+919938537061
+91903158797
+919937568737
+919090219643
+919437247432
+917738135955
+919238569844
+919040742220
+919438907604
+919897017504
+919371291203
+918917288462
+919438000352
+918093277068
+919437058370
+918984495400
+919437046103
+919178629423
+919861081212
+918249811513
+919437053866
+919437420420
+917008298356
+919937028982
+919930673302
+917008797375
+919861112265
+917077116123
+919937165155
+919937043224
+919658266933
+919789634107
+917873588921
+919078010037
+918095565234
+919438621453
+919668062063
+919338854611
+919861474921
+919437345891
+919437046586
+919438511557
+917752053794
+919861164060
+919439894478
+917978795749
+919439867755
+917978557159
+918143227718
+919437882225
+919437083329
+919861052239
+919437104299
+919437573417
+918102928219
+919778061222
+919777151678
+919338183638
+919556557745
+919438386787
+917008452435
+919040687568
+919437040605
+919776710005
+918455867924
+919658156730
+918969650460
+919338571565
+919668494150
+919078010057
+919861304335
+917259744880
+917205061616
+918105220220
+919937804547
+918002093907
+919337599999
+919438328195
+917598641902
+919040320326
+918763634151
+918338974544
+917847888494
+919777457201
+919439783816
+918018418056
+919937610167
+919556402918
+919861338145
+918169208272
+919937016501
+919437254200
+919777555001
+919438154621
+919937012652
+919090090190
+919937045761
+919937170444
+919937992793
+919438188547
+917008970816
+919438879756
+918971578592
+916371819025
+918763353136
+919777478493
+917978915696
+919437045120
+918667650639
+919937373383
+917008697772
+919348018162
+916370002698
+918917271491
+919437115808
+917738185602
+919937803159
+917894107794
+919437213969
+919437054121
+919583555557
+918280051557
+919853347616
+919337349105
+919437078950
+919437151254
+919437369009
+917504254638
+917978949557
+919453001078
+919668007370
+919778148217
+919937004479
+919692148999
+917381292929
+919438003604
+919692443604
+917848027877
+919437158580
+919437052463
+918658652214
+919937051374
+919338121561
+919437157075
+918338827159
+919437667947
+918847819823
+917702683636
+919777128950
+918260812104
+918142455565
+917854998327
+919437245715
+919178149029
+919238358789
+917855010000
+917008986868
+919861237535
+918457087784
+917978435563
+917853061231
+919337676630
+919437053539
+919237347103
+917062929295
+918770698352
+917205008358
+919438442284
+919777456999
+919437234904
+919937828134
+919937560409
+919937500341
+919776022211
+917894441422
+919437665190
+917381114444
+919778428999
+919437903475
+919078387385
+919937270881
+919437619311
+919075374366
+919937965335
+919090209876
+919437075863
+919937898567
+919438786193
+918337949494
+916370311022
+918328889671
+918895785689
+919938373527
+919718715140
+919937117221
+919437359187
+917008433520
+918763735234
+919040132032
+918917681518
+919438047912
+919937330563
+917064680000
+919437054212
+18456000915
+919283275683
+919777444357
+919861170621
+919437170453
+919937566793
+919337744144
+919438115555
+919861661614
+919437080883
+918908887301
+917735904001
+919938067770
+918249981751
+918895953262
+917377118958
+919437145010
+918093359236
+919439435378
+919437046973
+917077526600
+919437201410
+919124422222
+919437066301
+917008930821
+919437069141
+919337812045
+919426552606
+919937425521
+919439491308
+919937020534
+919078706961
+919937033537
+919794827313
+919938052824
+919853477447
+919937107705
+919776520888
+918917374260
+918917517497
+919439224786
+919078290923
+918093296315
+919439184851
+919938562517
+919437033584
+917827047009
+917008681624
+917978511137
+919437067916
+919337751730
+918895429402
+919937726424
+919439573217
+918598094848
+917873006725
+917064831765
+918917554306
+919481057328
+918917664944
+917008173807
+919556014234
+919861775828
+919438200498
+919938791917
+918763916929
+919937183777
+919437693196
+919438386192
+919439875165
+917008269268
+918073344370
+919861560734
+919937654459
+919437145991
+919437107338
+919861826880
+918763347235
+919777899693
+919938014226
+917504037444
+919853469282
+917978220091
+919778886633
+919437305288
+919556949872
+919938195712
+919937738738
+919337739868
+919861096054
+918763322516
+919178601974
+919438188056
+918895098656
+919437401345
+918895532841
+919437055326
+919439486710
+919439869285
+919777171351
+919348015338
+917609845802
+919937005068
+918895501126
+918917338138
+919438261590
+919776561663
+918456080090
+917008134353
+918018177702
+919861888663
+918249272186
+919437210886
+919437974115
+918249136508
+919338574430
+919860381638
+919338089477
+919583987897
+919434347345
+919692296403
+919437813773
+919438626316
+918280275701
+919040012398
+919777400302
+919437578781
+916370132844
+919437601605
+918018217782
+919776904156
+919437602102
+919439302139
+919438914371
+917752020788
+918895432879
+919040520335
+919861811225
+919861893063
+919937591316
+919778210101
+917978892617
+919437065593
+919777056305
+919620084411
+919777445500
+919438319069
+918984221890
+919438718133
+919827388038
+919430747413
+917077849205
+919437121707
+919861324117
+919178026319
+917978659347
+919937062974
+919437370435
+919438211714
+919438549717
+917894853854
+919337635431
+918598043163
+919437094370
+917978778412
+919337550421
+919439877912
+918147188952
+917903225909
+918917448376
+919937591330
+918342913023
+917978784178
+919861068053
+918080339772
+919778868888
+918602008603
+919437328150
+919040225006
+919437307297
+919437961746
+917381231111
+919437501044
+918380927697
+919861522612
+919124563851
+917682999307
+919438068982
+917377001786
+916552058970
+917749850999
+918018425652
+919437183333
+918373969429
+917682821757
+919438024469
+917008656058
+918964830658
+919437652164
+919437210636
+919437120556
+919040002991
+919439064482
+919178451743
+919439756969
+919336533976
+919439872613
+919439207713
+919438111000
+919583580555
+917504937277
+919437575001
+919437837111
+917205574239
+918984144243
+917903228479
+919937289224
+919938166862
+919777289002
+919437970596
+919090891801
+918984598742
+917787990228
+919861284847
+918801007456
+917504546051
+917077704071
+919777948878
+918763175176
+918455890237
+919861660379
+918763186290
+918917311582
+919861727245
+919437050398
+917205161329
+919583527377
+919692068105
+917978779224
+919437352117
+917765959289
+918895502391
+919162824644
+918457042983
+918658960085
+918908545861
+918270979850
+919040992786
+917752020117
+18456801551
+919114314456
+919437159563
+919337066809
+919438090550
+917389845435
+919776484517
+919861429014
+919337767162
+919556355999
+919594731113
+919437116822
+919337322253
+919437175980
+919437257723
+918979643434
+919437393408
+919040666921
+919348559231
+919937195955
+919439032119
+918457884049
+919692263045
+917978164524
+919348761166
+919002086934
+919556748486
+919861036382
+919438232960
+919090354548
+918596000085
+919938585215
+919178493678
+918018485218
+919861358341
+919437076780
+918895592959
+918908085767
+919337642197
+919556585338
+919337132355
+918420020940
+919337958046
+919437482846
+917724870654
+919776636365
+919853322994
+919437141502
+917873000519
+917894459518
+919493889872
+918260643716
+918895058499
+917978682467
+919338365980
+918144425063
+919471542980
+919437601296
+919438435881
+919438833045
+918144875842
+919437351887
+917408901000
+918895468751
+919861093683
+919776959477
+918658064266
+919937642722
+919178049360
+919938122934
+917008699266
+919777571784
+917381244248
+919937457927
+918847811951
+919437546307
+919021151912
+918249219287
+918917208995
+919861043389
+919437433147
+918408801294
+919776882299
+919437758034
+919861412710
+919437601076
+918984685893
+919337787762
+917898909276
+919178721431
+919668697663
+919437033145
+919556187097
+919078201240
+919437121269
+919658016786
+919437172645
9337066809
+919937340800
+917739477969
+918917323966
+919437142115
+918763477449
+919438000516
+919437667987
+966562868736
+917735558049
+919437806418
+919776109960
+18763059925
+919437040194
+917735749077
+917873250269
+919438641686
+919238943323
+919437129465
+917978645454
+918455077726
+919437832032
+917205542763
+917894417941
+919861034819
+918917389238
+917205265563
+919078861882
+919437285542
+919090343466
+919777177256
+919630048881
+919439657402
+919938630423
+919861168277
+917008601442
+919437121519
+918847843388
+919658831538
+919438878874
+919437342526
+919511245907
+919861194408
+919938428030
+917903520749
+919437056068
+919937524160
+917205510809
+918847882394
+918338935109
+919777720224
+919337175594
+919937070556
+919238413062
+917077145273
+917978988648
+919776125094
+17735192200
+919040488150
+919668553253
+919437989999
+918328988298
+919040234081
+919938630426
+919438488128
+919438514070
+917978572033
+919348079703
+919583651555
+919437053525
+919589948900
+919668260401
+919937441430
+917008537115
+917848974787
+917043331402
+919777254379
+919437345777
+919556443113
+918984205419
+918093953101
+919937814968
+919438312330
+919337666877
+916295551885
+919338503001
+918093980103
+918895202886
+919438386216
+919437501111
+918755466099
+918328873865
+919668129530
+919437736410
+919438266663
+919937518736
+919437346797
+919439642143
+919437375353
+919938625090
+919437220292
+919437024975
+919438802625
+919439427806
+919937302819
+919078010011
+919437052295
+919937835566
+917978091501
+918895968943
+919437127211
+918117078836
+919437409800
+917987033766
+918457954294
+917894807676
+918895045386
+919437247949
+919437173333
+919348848389
+919439533081
+918260014374
+917873201915
+919337817784
+919437052339
+919776422255
+919556147034
+917008356094
+919777949767
+919938486011
+919438026868
+919437853429
+918722358888
+917608928735
+917846965743
+919437341039
+919861504897
+919437970602
+918093340058
+919437193499
+917978108962
+918895324032
+918917384353
+918657467661
+919806511960
+919439545993
+919437550800
+919853331411
+918114703909
+917978071445
+919439973215
+917377748495
+918917286321
+919937874141
+919937484096
+919471501145
+919999889116
+917978506040
+916370007641
+918895501952
+918895136723
+917873475222
+918480590576
+917750098186
+919437031037
+918249347621
+919435352454
+917008706958
+919337118296
+919437880068
+919437530001
+919178870364
+918260395644
+919937541444
+919937026316
+917838643523
+919438565668
+918917633658
+918917642227
+919438818444
+919178741744
+919937338901
+919777307103
+918008589679
+919937813391
+919504560367
+919040334485
+917978156467
+919437146810
+917681805491
+919437130549
+919437257118
+917008095120
+919437417800
+918599010599
+919437441190
+917684060147
+919861564455
+919437629388
+918338991332
+917978081517
+919853600764
+918847845209
+917978203426
+919937257111
+919668863233
+917539094498
+919437153372
+918895501417
+919937466459
+919937378346
+917043577960
+919437963284
+919337929069
+917540916970
+918917264241
+919179064841
+919438144768
+18144053776
+918260701999
+918260065137
+919668275658
+919438370101
+919437340130
+919873894849
+919437419997
+918260492800
+919437420984
+918521008810
+919439164798
+918114395707
+919337698535
+919861014212
+917978040581
+919938490686
+919861403631
+917978203126
+917381612865
+918085058960
+917724811541
+919438727416
+917655849663
+918637254262
+919437134039
+917894410738
+919869537643
+919899394937
+918926179494
+918249184770
+918260494928
+917978125300
+919040505741
+919178672827
+917022466118
+919968981350
+919776353430
+918249396475
+919556019968
+917873695432
+919776997893
+919437152800
+919937298906
+916205794113
+918118099503
+919937775841
+919438352890
+919437198900
+919437202022
+917999563247
+919040338943
+917008000467
+919438277657
+919438398741
+918599010521
+919556606666
+919937251217
+919438626608
+917992700000
+919778539977
+917894439766
+919932987908
+918895504345
+917978083596
+917809819483
+917948943971
+917682810171
+919040165283
+919717044484
+919853071808
+919987010817
+919903302807
+919437380447
9861498403
+919078939338
+919040747137
+918763645189
+919861644837
+919437767676
+918279396755
+919584004001
+918884151027
+919835080199
+919090889788
+917978971227
+919937474886
+919437104400
+919776148904
+919937126444
+917978363517
+919439781786
+919692930093
+917077147888
+919178861187
+917008794269
+918926020897
+919556134066
+919437327392
+917978452709
+918056201404
+919437059113
+919437172190
+919776590905
+919778571002
+919937105118
+917008690905
+919437115527
+917008290483
+919937394111
+918658646567
+918892040621
+919441046380
+919777342080
+919040443063
+919938301116
+919437049910
+918895504085
+919178343255
+919437021457
+919861294774
+919777549474
+919040308886
+918338914498
+919438879881
+917205207413
+919439050219
+919861188710
+918093305040
+919938042626
+918984009931
+919827378338
+917008770985
+919437084049
+919040353336
+918792144120
+919439276248
+919337822250
+919853174141
+919437153056
+919238322423
+919437115871
+917978191471
+918328972303
+917004614142
+919437964204
+918908909483
+919439078767
+919551912994
+919937394444
+919692062888
+919658248055
+919454331807
+917205808092
+919338798371
+919658522574
+919178347357
+919692879309
9338451873
+919583563744
+917653967040
+919438333390
+917852907548
+919439420897
+918827477445
+917978782017
+919777456982
+917389965555
+919937297886
+917978486765
+91993705285
+917008082903
+919438386328
+918966062200
+918249593298
9437057001
+918926030826
+919439394634
+919437048546
+916370322621
+919437249273
+917008163650
+919040887198
+919438247333
+919668828314
+919300813504
+918327723408
+919337534181
+919438484248
+919132840536
+919938550533
+919861087987
+918455868156
+919937522874
+918280189622
+919108207766
+919937148555
+919090464848
+919975806649
+919090304346
+919348506302
+918455868079
+919777582685
+919178213003
+919668200666
+7978943971
+919937297829
+919692255100
+917978530750
+918917582798
+918908020555
+919337669598
+919337887041
+919861586294
+917008661724
+919439767339
+918260777550
+919090914502
+917381026726
+919777082786
+919078162265
+919500165388
+919861032113
+916371932216
+919667462801
+919437061111
+919937215383
+917978792720
+919124494076
+919042628408
+918457055007
+917978309132
+919583924739
+919853318707
+919861724992
+919668281021
+917381790000
+917077743201
+919124994887
+917008508799
+917587445729
+919937763777
+918763501206
+919437255786
+918763165520
+919040884776
+918249906967
+917978629108
+919583416704
+919583665566
+918249181566
+919090555321
+919337683164
+917008845915
+918456093778
+919861319640
+919861744091
+918984348626
+919658229911
+919801384339
+919337612855
+919439087070
+919692914118
+917008542128
+917771814441
+918895917785
+919035604047
+918093890217
+919131159944
+918144344616
+919348729845
+918847862996
+917381544134
+918090178955
+917504552810
+918984360643
+919611249810
+919938383806
+917008969659
+919439040401
+917008980380
+918910735167
+917008613369
+919437058344
+919534021389
+917077473804
+917978908722
+919437146063
+919693495191
+918658622019
+917381111164
+919886949713
+918895500817
+917077743311
+919124914036
+919853380164
+919556572377
+919439950366
+919205586939
+918260591038
+917751828187
+918249464850
+918249281502
+919853620525
+917008186800
+919876543210
+919337976985
+917381013609
+917978750408
+917948214684
+918328915453
+918018211821
+919692841054
+917978821199
+918458018788
+919337645341
+919937056623
+917809808650
+917377090377
+919124093555
+917873191234
+919938678523
+917381788094
+918328952791
+919861056343
+919439777128
+919884011428
+917978545537
+919438058094
+918977174441
+919937015459
+919437196676
+919777403471
+917205732181
+918599006333
+919439790655
+918455095020
+919575154162
+919348872859
+917000095702
+919425826804
+918093297502
+919437219090
+919438845820
+918895514859
+919439942901
+917978016603
+919861111303
+919437316745
+917750909224
+919776059878
+917377432923
+918349956126
+917033394447
+919753743377
+919439533302
+919437566758
+918763801187
+919348243096
+919437053642
+918093024764
+919937252465
+919438877408
+919861029984
+919438907677
+919437041611
+919040904074
+917682860191
+919437194609
+918658293545
+916372116160
+919437222628
+919937204543
+918018060803
+919040315471
+918270010187
+917381981016
+919337559897
+919861779677
+918260763890
+919438546307
+917719086870
+919630016054
+919776655939
+919437045951
+918917261944
+919439956457
+918895124396
+917999808482
+919861008489
+917978756895
+917735947257
+919937660017
+918849531930
+919606808438
+919437324761
+917008548218
+917008551244
+918602088263
+919861426831
+919938389499
+18895442384
+917978520840
+919337597385
+918249562685
+917377775518
+919113197712
+917676016375
+917797892123
+919861368591
+919178378622
+917381162009
+919776854793
+919437837894
+919437502297
+917377557377
+917978583458
+919040055575
+919692190439
+917655841879
+919437266829
+919938320054
+917978503512
+919437056597
+918121821839
+919938770170
+917381441189
+919178258537
+919437249189
+917873293383
+919437137858
+919437328812
+919938181507
+919937378755
+917008600691
+919437338341
+919090235045
+919583188977
+919438573069
+917381991699
+918895914299
+918875967194
+919827748415
+919692220001
+919090235405
+919777879700
+919937118036
+918327763682
+919437758702
+918249061110
+91977687696
+919437414114
+918815567268
+919937590308
+917008764864
+919853351661
+917750031474
+917978697692
+919438606160
+919434777168
+918280116611
+919937705848
+918018412415
+917717720035
+919437972510
+919993412562
+919938562427
+918598938355
+919437152119
+919439392281
+917008943962
+919040535601
+919861366570
+919692551811
+918948991513
+917751864828
+919437347359
+918328963290
+918456885096
+918093475367
+917008251208
+919766453890
+917008353181
+919778177776
+919938423722
+919937365831
+919937243735
+919937444955
+917008601009
+91700890333
+919425534683
+919776947230
+917894561662
+919175823925
+919937529970
+919937005664
+919861044439
+917978215520
+919999229999
+919437979395
+918008687333
+917974140644
+919650697373
+919937503337
+917064415307
+919658111162
+919556144702
+919263634233
+919437160466
+917077037844
+917377118782
+918895444404
+917327032146
+919861642737
+919040166256
+919711190475
+919542505215
+919981741797
+918763906993
+918895609783
+919437059641
+917049850000
+917008206715
+919930617796
+918770467102
+919263894307
+919777817522
+919439596959
+919937048444
+918978172825
+919937328407
+917381064350
+919437220539
+919658714927
+917735522220
+917077063684
+917537913162
+919770598789
+918260555400
+919937013565
+919439695829
+919937815999
+918260904618
+919776827766
+919437056802
+919937771228
+919938320083
+919938536299
+919937510833
+919438400447
+919937404565
+917008798400
+919399678586
+919937093750
+919861351337
+919754328876
+917008929637
+919437033236
+917008770983
+919937420678
+918249529300
+918658400205
+917735802249
+919938533099
+91704481481
+917396455125
+919937294017
+919437684775
+917458011723
7684074698
+919131033760
+919776698124
+919777412369
+917488349927
+919934969226
+918249785931
+919124859561
+918637203388
+918895092564
+919227295502
+919437127171
+919121231142
+919348937827
+919972446693
+919438479697
+919438514878
+919771814686
+917894066903
+919437047792
+919777666525
+919111006027
+917606011603
+917461927506
+917044481481
+918458013580
+918917489100
+919853422021
+919583139523
+919776758942
+917735745602
+919439639211
+919938014124
+918847818772
+917978202103
+919937077940
+917008931202
+919437057004
+919437420056
+919437222653
+919437348786
+919777347700
+918763026868
+919642804727
+917427893783
+918895700340
+918018043222
+917253800710
+919937696916
+917008351811
+919630239140
+918249174900
+919424149761
+919776876078
+917751856476
+919337913151
+918917489181
+917978353597
+919827255020
+919556995727
+919437168562
+919437254400
+919438122133
+917978973731
+919668206056
+919438093343
+919437429891
+917873428979
+919178304245
+918908579892
+919337447817
+919741091062
+919490312983
+918093541484
+917000371599
+919338472811
+919583545004
+918917596808
+919437048218
+919439432048
+918051223280
+919438648327
+919776711311
+919937488951
+919090660640
+919668494878
+918895501350
+919437244916
+919090301285
+919348622095
+919437333191
+919853944535
+919937560507
+917008703563
+919691764725
+919861121943
9776499181
+917066019235
+919583639374
+918249124139
+919938311204
+918763474939
+919438180796
+918889487861
+919124069761
+919262294389
+918763578437
+917681812199
+919937747993
+919650697476
+918839870035
+916370149643
+917978086517
+919776145309
+918144429403
+919337938122
+917892356791
+919337128483
+918908666908
+919861960033
+919777893783
+918770914838
+919040938040
+919777451287
+917008136754
+918596827999
+919439949362
+919680924899
+917978282182
+919776197768
+918976805678
+919777095745
+919178451731
+919861724954
+917978932044
+917797087227
+919771416107
+918895395900
+919439365263
+918457891410
+919438007715
+918926078165
+919534115559
+919301268082
+918093900388
+919113741372
+919437540202
+917978535451
+918457042841
+918637297139
+919964100517
+918917321051
+919570008237
+918239781552
+917608807679
+919861284384
+919178951576
+919937019462
+918093617581
+919777822563
+918984958984
+919658383751
+917978484257
+919778083457
+919937773355
+918455868144
+919937574708
+919438523785
+918270933944
+919861634243
+917008324132
+919668436497
+918895870484
+919658060108
+917978599387
+919300621181
+919437225106
+919777458359
+918280709009
+919583580560
+919777487105
+919439431496
+918085105100
+919439033975
+918917641940
+918658123123
+919337352190
+919861990591
+918599963584
+918018043061
+917205535343
9737193032
+919937107078
+919937926267
+917788932366
+918908692111
+917898905467
+919937306657
+919439000320
+918895265449
+917750075612
+918339007477
+919437089789
+919438785459
+919853576750
+917978655294
+917980995803
+919777026513
+919938563036
+919124703378
+919078359284
+917852944411
+919937890130
+919938503298
+919464867969
+917008607892
+919237061704
+919439087561
+917008113882
+919437052120
+919777811227
+919438877311
+917008433797
+919778907777
+919437083314
+918917582038
+919903214726
+917855009955
+919777601095
+918895325373
+919668066144
+917008566388
+919938817719
+918249012225
+919237063773
+919438275191
+919861261510
+919437933182
+919439222814
+919178419555
+918447062072
+917903296664
+917008294674
+917605978244
+918658191018
+919891950751
+918249735952
+918763779255
+919937928906
+919178766239
+917504476082
+917008451107
+919437062366
+918114789552
+919583851841
+918597738065
+917684059441
9981936064
9717246491
7978029675
7978354200
+919090237339
9937058650
9861006680
+919437349338
+919437051777
+918093028734
+918895494892
+919853204489
+918327747539
+916206025138
+919348383614
+919040660878
+919437402459
+918597736065
+918339099891
+917325904820
+919078979744
+919326277660
+919040030636
+919437063084
+918895948548
9437366360
9861058315
8093688210
9263089627
7978688728
9438472777
8895128745
94396 33177
9937294323
9937457076
7608956482
7008410930
7539841388
9439392494
9712907370
9583361718
9238449193
+919437193032
7327956809
9777137555
8457913611
7978586197
9437139470
8658687099
8280062988
+98457913611
+918658687099
+917504608446
+918895504248
+918118093151
9437046453
+919777433444
+917978901674
+916370810550
9937207866
9937072187
8455969763
+917205008106
+917838716971
+917008926421
+919861868559
+919937665987
+917008651018
+917682829032
+918249603912
+917008737273
+919937903767
+919437179817
+919078222480
+919938938886
+919160481948
+917873000006
+918926006865
+919937055439
+919238306217
+916371777958
+919861256648
+919040639913
+918456814354
+917978335331
+917008837673
+918281170015
+919337350095
+918280233957
+917381840646
+919937019783
+919692397410
+919040434440
+919040880407
+918117826063
+919827314551
+919040501395
+918280014170
+918249895507
+918895500565
+919090300930
+917749027350
+918895500949
+917735752487
+917381052643
+919778442080
+919437116177
+919438624803
+918249887513
+919861160804
+918260490955
+919437145266
+919040521800
+919861576678
+919778061284
+919937645061
+919861184209
+919437340742
+917978185441
+918763798102
+918895763226
+919437647286
+919861153000
+919439552281
+919437139422
+919437083038
+918327792029
+919437920140
+919438392828
+919861955756
+917848800441
+919438209350
+918763323074
+919348328446
+917008136355
+919437265380
+918249149615
+918455822753
+919040515846
+919861295370
+919437198921
+919337883976
+917656019334
+919938423319
+917008765208
+918908275255
+919937260444
+919998989990
+919953947822
+917903235693
+919438045673
+917008055473
+919938838662
+917205700601
+917381612134
+919437153023
+919303755720
+917978369118
+917008283811
+917008574674
+918558879038
+918709343029
+918895838505
+917008357588
+918249312188
+919658872017
+919348152729
+917008341875
+919861183728
+918763282712
+918249787637
+918861455185
+919040043988
+917978214684
+918077357927
+917008322645
+917903240934
+919949768921
+917978914011
+918249983162
+919658513067
+918018500427
+917751939979
+917008918342
+919658521844
+919438392911
+919011752593
8144443956
9937430418
7684006782
9938090100
9060284196
7008018155
7999705369
9437874563
7978354200
9778484601
8908530326
7008574674
8763282712
8260273815
9668569992
7752026257
8861455185
9937072631
8959122221
7064007111
+91 7977082266
9583529869
7291855514
9078552433
9777467492
9124549508
9937259969
+919583254981
9438240090
6370632590
+919337793388
+917008575863
+918763905325
+918249363970
+91966856992
9861127237
6370139569
+917008409917
7008904104
6372818500
9439492775
7326005878
70776 46664
8018043205
+918093156358
+919348149061
+917681899405
+919438426379
+919861449840
+919120606753
+919438125617
779911575
9937871601
8050336592
7978813906
9348576656
9078342065
7978643173
9078695017
9437609153
9337556265
+918147220654
+917204725919
+919182696324
+917852954535
+919742011133
+917978026776
+919035827154
+917978448095
+919437409743
+918975645345
9776261455
9439733226
9777981111
8984584480
7008571634
7978260734
9827948185
9778852193
7752020987
+918339991758
8270168924
7978868234
9937061970
8249341915
8093107612
9429001315
+918877744421
+917377769329
+919337806904
+918249077760
+917008261671
+917000591159
+917008083026
+917988036274
+918861613895
7008872366
7008285896
9938618900
7008327563
9776580187
9938034884
+917008228949
+916370835640
+919438855118
+917011375355
+919937742409
7606011668
+917327801400
9937217027
9861003555
7008567833
+917008567833
+919861003555
7978656936
+919439533478
9861036786
9437194159
8249019659
9439536068
9853045520
9692520508
9701257829
6370413933
9439230405
7008086325
9523725483
8895916987
7008029994
9348862336
7980807728
9438168380
+917569742438
9078692507
7008907274
+917980807728
+917008029994
+919861712345
+917327983057
+917682867926
+919300001541
+916207188475
+917978128835
+918249341915
+918456057904
+917978632413
+917978149868
+917008166005
+918598800561
8280517155
9986217736
+919861518896
9437360924
7008013804
+917008364554
8763778347
7987232250
7008509458
+919699972661
7008530210
+917683892957
8249306263
+918763220826
+918895967686
+918629965449
+919778559194
8541956374
9938026940
9090907722
9439509940
7682044159
94713 12117
7008172518
+918984582012
+917654321098
+917978418115
+919668063520
+917978066738
+917205915973
+919668394336
+918553979121
9348029895
9776646646
9656246224
9437355993
8917378503
9938376726
+919437363284
79 7874 3331
7064052302
7377133296
7008534652
7205533360
9348820690
+919766392280
9348473575
9337662680
+917008798392
9124185870
7008288394
+917008765824
+917064475143
+918897485425
+917978770835
+919937235777
7978938124
+919348473575
+918637282570
+918917546171
+919938221831
+917735269600
+919441161830
+918763800582
8637239006
78694 71139
+919949925893
+919040082911
+917684094129
8093990799
8338049040
9098197000
8249563220
7014621174
9938546490
009647834895672
7847801216
7205745814
7008217595
7077743511
9009526777
9853080555
9778296821
+919079892819
+918249845445
+918114986158
+917978034412
9861549519
9438513253
7978937771
7987726041
+917008920946
7749865389
7008688841
8658376041
8763494406
8599869755
+917978938124
+919437115603
7873000006
+919437859414
+919178782519
+917978063874
9437528347
+919583637089
9155679800
9861637030
9473131009
7682875236
9778057812
+917205636477
8895840031
7205212168
9178448042
7978798300
7008370356
+917008270727
+919770937327
+917763802033
+9172052121618
+918018096569
+919437253423
7008197185
+919311469683
9739593882
+918895230557
7978108791
7807496408
+919348794623
+917855848863
+918984241357
+918092677786
+919437421111
+918767562424
+917865678987
9123263097
7064584195
8919266513
+919776183325
+919861568967
+917008956343
+916478048228
7735661187
9861573699
84558 68135
7847096966
9437085376
8969214476
7504007559
7008378936
7978314956
7010483065
7873872888
9861569606
9861606579
9789474490
9938661641
8895044143
+917010483065
+918917629960
+917504007559
+919178227505
+918249996599
+919337588911
9853414243
7008499717
9940883055
+917077062324
+917989112392
9776041698
8455867905
9835194309
+919438713120
8249411614
7008604769
9778233784
7077409019
9052999947
9583466502
9144234345
8073836763
7873341561
+917077385381
+919010251808
+919437175923
+917978796924
+916370266912
+918249252056
+919937852688
7008375027
8369549662
9437059433
9437355247
+918369549662
+919178753344
9439814646
9776167556
9937510910
9861018404
7008779773
+919827215240
+917008672063
+918249535984
+917205691825
+917008779773
+917498741128
+919337405274
+919818021187
+919668694342
+919936497128
+917978930854
+918249698460
+919988777743
+918249165776
+919437990002
+919098145623
+919348822668
+919090194743
+917978992800
+916287099609
+918363737261
+918018843795
9687699109
9437909976
+918260538391
8789887788
8658829331
8908490182
9937783900
9937237318
9777766658
7008500946
7381595766
8249394318
8249698460
9337821616
8917462288
9438488280
7978835769
9711983442
6371216441
8917210278
9437444999
7008628241
8457982762
+917847969788
+918144542615
98618 50450
9777212140
9178272539
+919777212140
9348241994
+919882478331
8249036693
+919439319614
8763788937
8050039755
9777296962
+918763429050
+919827809992
+917008628241
+919110686856
7999454727
9579600960
+919437256929
+919776424999
+917008630762
9348033535
+918260333302
+918455040598
96323 11137
8895549898
9668866983
7836035215
9938416528
7992423767
7008520781
6371330474
+919938321818
+918847868248
+917008520781
+918657828638
9109120882
+919439096837
+919861366670
8917596045
7008085738
9937360170
8114796059
8917435703
9040337164
9674222631
7566681314
9583349151
7377537009
+918114796059
+918917472142
+919755330372
+918252728767
+919425233941
+918917358398
+919937215333
+918018119642
7008817161
8763178859
7717732856
7000603462
+918018038787
+918861448382
7077637805
6376240882
9449825120
9177625852
8303936494
9494922228
6371517362
9040576052
9090270665
9304900539
9777038184
9937316413
7752041963
+917978986505
+919938401617
+918287925250
+917854899921
+918339098813
+919304900539
+919090270665
+919437586606
+918249616184
+919337056640
+919717704037
+919040443472
+918114386836
7008969390
7008361780
9438771064
8884437121
9437003566
7978022650
9777698397
+918093140280
9040755562
7873797472
+919090456235
+919002843731
+917008361780
+919632636600
+919937464943
+917735823713
+918018658451
+919861470439
+918249753109
+919777114331
7004020614
7205041827
9778899997
+919515267530
9348021418
9178373245
8458082766
+917978662952
9040191025
9776309555
8917414144
093361448
+919437341838
9938731080
8260616424
7809378102
993705923
8249098833
9897055653
8249653329
8983640197
9124999978
8249159740
9262294365
9040601937
8328920374
8249060437
9437657634
9755636100
7008322589
+918826337198
+917656024712
+918249060437
+917978074816
+918249159740
9861743325
9776090999
7377918525
+918340280411
+918249098833
+919861084408
+919778584044
+919876543212
+918037288826
+919082607906
9937015987
9692129933
9078059171
9938822318
9938355589
7042520307
+918080643232
+919708059171
9677074560
7008268122
8598990210
8249867416
8596933547
9532071876
7978994394
9983233389
9547096044
9424468651
9437040221
7008520774
7010791780
9178591927
7978830004
+917815099206
+917377614204
+918249336641
+919178591927
+917978389500
+918658564375
+918599880680
+918904766029
+917008555430
+919090303023
+919556113357
+919347029619
+919337995643
+917008666129
+916201123738
+919937503048
+919522867200
+919552577125
+919770937237
7894417858
7894922188
+918971466904
+919861425425
+919437253439
+917894877419
+919438336284
8249040623
84351 64786
9337682387
9937530310
7735247878
+919668507007
+917008217644
+917377263846
+919776792791
8328925074
7008119881
9337983060
7894617617
8658948354
9437428615
7855885858
8249217933
9124550000
9777549711
9437024801
+919795178971
+919861052920
+917974648562
+918895541221
+919178638528
9658827178
+918249102917
7991088764
7903121918
123456789
8763041032
7415537559
8770556367
9437048374
8319181990
9040534894
9777477884
7008083762
9237120962
9583900231
7978676711
8249990234
+917978664506
+918319181990
+919827410553
9040005151
+919583469561
+919778709821
7008636406
7326060999
9993866637
9090367794
9938231581
7735155161
9131718797
9821115404
+919937100000
8521296080
8917499477
9713520000
8895294004
7008114767
7609978758
9853929622
+919853929622
+918260584396
+918455865031
+918984462474
+918895504336
+917978990699
+919438847071
+919337900522
+919556010713
+916371635178
+919981208006
+919861592049
+916370037126
+917631142434
7008783737
9861362643
+919938730353
+917008984028
+918114648600
+919871477887
+919124186060
7979817665
+917008783737
8986881196
8596029079
7979613324
7894754073
6370210858
7723013895
9348980235
+919827777952
7536009440
9668581991
+917067772314
+917008136765
+917978282709
+917978998370
+917653809742
+919337752438
+919040493726
+919348357656
+918327713670
+918917676715
+919040892531
+91884885882
+919692653973
+919876345264
+919583532528
+919040132268
+917008482039
+916372272645
+918658481911
+918789918773
+919437683570
+918018134959
+917978208751
+917440185285
+919337924581
+917681827721
+919937083066
+918847812923
+918981733740
+919938506111
+918249851769
+917990095571
+918337933476
+918763007187
+919853373210
+917016806409
+917766900066
+919438634488
+919507068896
+918249247787
+919692833657
+918895503323
+919437199013
+919583322577
7205253969
8521502039
9884954354
797869958
7855881504
7751844326
9556848903
8249007950
+918908634959
7894260801
8917665099
7008003784
+918895940078
9937104525
9599735202
7620238881
7006913402
8658481911
7008522973
8073931916
9583538370
7077026910
9861856913
9556735177
7681827721
8658413907
9685040000
7077034444
9658253846
8249636166
7008485797
6370804696
9937210395
7978747593
9938653282
+918249093603
8917288879
9938124118
+916370460840
7799812696
700860356
7978182789
7381015086
9583377287
+918249275900
+917847007784
+919938124118
7978864681
+918249115538
9337357931
9337413831
8018920464
9039272354
8763260491
9937084016
9861044625
9777999079
7415548443
8697777477
7008821176
8895355087
+919359364466
9669787800
9000641839
7008708424
90406 26626
9439633856
9724895975
9778086223
8984676858
+919938084602
+917008944043
+919667495835
+917978140491
+918658873746
+918658038933
+916371444647
+918248380691
+917008834835
+918328861237
+917978864681
+917004275133
8085663355
8945960765
7978337046
7008893791
9861285466
8871632589
+919437249024
9437663604
9334863199
9861829452
9853877437
9437255993
9658710140
9078838436
+919078838436
+919348963920
+917008542236
+918455939932
+918763778690
+917656804060
+918901928374
+918457894117
+9178009294857
+916372479410
+918018272425
+918114337811
+919583566777
+919778210165
+919955805573
+919777259249
9754083544
+918327789065
7978097225
7008857900
9237128826
90788 38436
96587 10140
asdasd
8280751551
+917827216201
8648866561
8093174557
8658355477
+919179454842
9658727280
+918917263475
7894137800
7064206430
7809294591
7008199822
9337949636
9777454089
8249390873
8109085339
+917978745924
+917991014155
83277 63076
7978138098
+918457805242
7024903111
7008344150
+919437039842
6371918182
+917008926780
9752491737
+91 975 249 1737
7978091810
9437598950
7205888933
9937617672
9545564061
78730 06725
8103151821
81031 51821
9438690499
+918984824090
7606897093
9739620288
+918018043275
+916372625782
7873771129
09040440740
7008123368
9337042598
8867115018
9861043093
9438655777
+919973367223
+917880606929
+919438164277
8658345941
7008619455
8270028357
7735395090
08249040820
7894991712
94398 67755
9438310041
7077015473
8249389729
94370 47061
9438879879
8249385922
9438656287
7008586640
7008586640
9437110024
9937000975
7855043370
7008954513
7008865346
+918240440128
7377147247
9776622678
9776025201
9437140350
7978309695
+917339871490
09121772182
+919776184873
9937006684
9439430512
7008322463
+917008322463
7608934076
+919802601715
9078141818
+917077911781
+919776792790
9658899307
99388923837
8458082255
70083 45929
7978436243
79784 36243
+919981099555
8093940608
8280300008
+919337127659
7004811164
7004811164
+917488250324
+917804998737
8327765114
7008336800
70083 36800
8280472147
9123262614
9178800833
+917896698195
9771491533
9439055292
943704872
8658982026
+917978099022
+919668980966
+918018098710
+918917600021
+919658412669
+918637282812
+918249582865
+917978447610
+919937294189
+919178306181
+917064425695
+918895184559
9238405605
7978462689
9439187388
9437173355
+918340773620
9938953292
9040500346
7205375133
08457079873
+918895503556
9861350818
9078139888
9752491753
Mohnaty
7894470139
8895936176
+919668998872
+918763300133
7735626134
08434476829
7978719087
+918018099889
+918085147295
+919437046667
+917749861047
+916371687064
+917735433583
+917978940892
+917978309239
+917205808242
+917064646100
+919437417697
+919438642027
+917738692366
6370544760
+919437047302
7978976081
7873330749
+918249316594
+919348717988
9778583311
7978129879
7806050002
9692824375
7806050002
+918961438619
9265692313
+918144052744
+919779589737
+919845084649
+919238253145
+919439416032
9114139969
8260780564
7003486265
7894050565
8458083803
98450 84649
+919437247515
8259603827
+918249603827
+918454950468
+919437222255
7000595701
9861036686
7008061178
9337427397
9775505845
+919937034001
9348155792
9861160874
8984006900
8088442633
+919937119764
9437348349
+917978242799
+918895504284
+919237128826
+919508767315
+917008780115
+918280323499
+918123909373
+917008857900
+917978329486
+918328852756
+917008914847
9583609120
9437448048
9777487095
8750813792
7008239533
8260504997
9668541054
7008061469
+918658616686
9938193082
9801367116
9827462892
9465681744
9938849905
7326812127
+919178575995
+917854822291
+919938198001
9078072502
+919078072592
9000242511
+919000242511
7853837037
+919009184205
+919709599391
+919962422396
+917008965342
+919691198351
+919583838392
+916370970070
7205032123
+919204203858
+919668221208
9975489889
+91966677134
7978674436
+917077973089
+918328987237
+919437149248
9438514514
+917008497915
+918827811710
+917978849213
+917847815322
9090312694
7205285830
+919179137561
7489073405
9861369562
+917978405306
7377800356
7609067394
9777830665
9348517854
+917828662801
986122400
+91986122400
+919337906070
7666003794
+917872589382
+919438878180
7008368900
8249364472
9658800039
+918763548349
+917978910479
+918375950523
+917008865439
+919153100441
+918260716441
9937465613
+919437045378
9937006033
9938902063
+917992232950
9178715355
9861676768
8860077003
9437148553
+918132854794
+917325808517
9437126803
8908219564
+917735909743
9634870989
+919437457645
9861999755
+918249875520
+919583380147
+919999999999
+919777582681
9111006130
7008922327
+917008922327
9438879650
8598029856
+919776940944
+917004219893
9776988963
7978725752
7008083345
+919937956761
9437031947
+919986832853
+918076144062
+91Zit00bmh
+918280685934
+917682834720
+917750834951
+919938781989
7008418076
7548073466
7011494282
9556181850
9973511667
8249217772
+918327794655
9178952111
+917008538658
7008502749
+917008502749
8249404471
+917848871814
89173 59949
+918914359949
9437083239
9437421890
+918249787165
+918847891574
9437059747
7898333517
9861511151
9993332007
7207929617
8763787639
+919437541793
6370576923
+917978354525
+917847984980
+917008286515
7008317026
9437152871
9938788794
+918660920128
+917978819026
8984571497
+918984572497
7008465269
7978778907
+919861147813
+919437144637
7978185005
+917987729084
+919861577211
7894096743
+916370738495
+919438076531
9861254247
7008302204
+918328871180
9437042296
+919938643882
+919437149109
8118075234
7750989409
9124965558
9853199922
7978109570
8144391325
7978764924
9437040111
9777224118
+91Ggg
8327751965
9583382380
9937594143
9031866409
+919861242926
7008175092
9078374892
7874203320
+91918320319942
8249176634
+918249176634
+919937285985
7008005174
+917008005174
9981133955
7008057218
8018722760
+918847882714
98612 29973
+918249538571
+917328800760
+919552577391
+919937520618
+917735304215
+917008178121
+917008119554
+91JK6BogRD
+919861417905
+919853147832
+917855070663
+917008670261
9776165291
9122222223
+917008821371
+917004276192
9937158587
9776183325
9438811491
6371569899
9439234690
+918877086770
+918093132338
+919668831079
+919386229686
+919776987623
+917043349902
7735951279
7008304602
9437766447
8889026947
9938261529
9608044192
7735455566
8917269552
8878111039
9937855273
9938279191
8270676949
7504844848
7894889993
7008670105
7684842861
9668831070
9861678820
7008459223
8658589997
9861346965
8249352036
+918249352036
70085 55402
+917008555402
7381139339
+917008087433
+917978473015
9853877171
+919937468586
7894461808
+91Yes
7787884444
+919692681612
8073606862
+918073606862
9931585201
+917205615016
9776413260
6370717769
9937325026
9937034833
+919861034833
+919938803599
+918249373152
9040288602
9437083502
+919437083502
9439807808
+918917207772
9861015345
+919861015345
9937126555
7860889267
+917860889267
8917488285
+919348414620
+919806759264
+919337340422
+919938090060
+919437052599
+919938255071
+918917446080
8638016464
+917978159016
+918763299621
+919861008293
8895837646
+917752068855
7205012352
+919668994565
+916372955628
+918328826424
9938207137
9861104812
+918249851323
96920 09643
+918895919695
+919827982054
9438112636
+919284789141
9938158255
+919019109612
8117045456
+918984458225
+917978217535
+917381797979
8420461455
+917008928049
+918917250676
+918249081950
7077860386
8917617346
+917609991043
8658700426
+918917235899
8123307343
9178220210
9776729965
+917978104869
9630648389
9777601136
+918249778004
+916371426408
6267312364
9337889912
+919040503671
9437188048
+919668804895
7051315972
8977578911
6371515600
9861865172
9828885322
+919630104435
9583221547
7381186537
+918658099508
9438640301
+916297285193
+918926099301
9591674842
+9178094-67676
9937977748
+91FLxKsg1I
+919999976627
+918850998584
+918895219492
+917821963635
+918108249795
+918861743434
+919937879566
9040149873
94373 4 2964
8280300235
+919769328217
+91inrc
9178153590
7978733933
+918280242207
+916370980920
7008346029
7044349359
+918117847068
+918260941260
+917978037928
8457070470
+917008870759
+919089260309
7008556015
+917008556015
8895109201
9437011462
7008365156
+917735777560
7894346035
9938220757
+919348743132
8392878238
9556663114
+917978977197
7008166016
+919668656025
9122777779
9437542823
7988158522
+917988158522
8100477266
9938690999
9668346497
8327713697
+917894986338
+919937034080
9348775902
9176481422
+918658430842
8925623971
7008052115
8658603129
9438866665
+917008444383
+919348704023
9437860825
7970565303
8779702284
7503268099
+917978401007
+919438027891
+917008331072
8249487637
+919776368786
8328962920
9078067178
7377688120
+918360541996
8788059508
9556144398
+919861598212
9778798930
7070202098
+919556239623
9937329311
6372221636
+919437202687
+918800270919
9692623823
+919861670346
+919098789098
+919348412071
+919343651056
+918376879313
+91tQ1RkNxx
+919938446518
+919340405269
+918895394655
8275278376
9438514834
9040224280
+917008396164
9522114442
9937784962
8918115457
9516743022
9178236406
9040277149
9668489408
8658520453
7751873293
+918984610506
+917751873293
9337153491
9430372701
9759000050
7879314864
+917008700725
+918456963120
9348822668
8345831071
7077218345
+917978563662
+919776614159
917829736572
6303451014
9668568487
9348472948
9439506448
8018690167
+918121784843
6370632590
+919438546558
7735730349
9918467974
9938851569
+919243128910
+918637259866
7008417373
8818880139
7978211442
9777774606
9993356808
+917978937771
9776320844
+917878554455
7873500001
+918249084054
7848820512
9999999999
+919888898888
+917000574101
8763322460
+919938594668
+91,bS2eeet
7684087331
9090659535
6370141791
9437421890
+919437421890
9337985633
8559050294
9938221420
9561424466
+917749927905
8637243092
9437187827
+916359922160
7873629071
9938011018
7008610217
+918280142186
8249542951
+919438143154
+919937586452
+917504490445
+918847813640
9348544500
+919166465186
7205670627
9938373986
98531 44403
9439869179
87774 58323
7008867401
8847837928
7488116837
9381731170
9438845395
9437175945
7226084574
+917226084574
+919624674034
8260775628
+916387308580
+919861166887
+918249842645
+919437243327
+918018082273
+919337269253
+917978260939
+919348135978
+918637217518
+919784523999
7978665095
+918249529010
9040295128
9438493261
9040450050
9438824176
+917978509530
9777311014
7325994626
7656813286
9337437586
8249911994
+918249911994
7597379543
9776988592
7609820926
+917999713182
+916370571954
+919090909090
9437683878
+916371265311
+917008802009
7015079283
+919777575860
7504187396
8093087540
+919776447875
9406027740
7682962259
+918984103498
9681107026
7751995390
+91HhhhvghggbyghbbvbhhhhuhVBvbujuyvhybhbhhibhbuhgbhngxuhhhhvgbhbhhhbhyhhhhhhhbghhhbhbhhhbbhg
7377163729
824981919
9937195010
9776629392
8763341451
7008574565
+919437909550
+918984004735
+919437101088
9348773318
7008326929
+919937807778
8381366044
8249104271
9776035414
+911234567890
8093771390
+917749804744
+919437051043
+918895217295
9439777128
9439777128
7655019551
+919437033041
9937477251
7008440441
+917008440441
7978010477
+918217783418
8763646501
7894762728
+919861341786
+919437042510
+919437002596
+919776104374
+918895217294
+919556674074
+919937128222
+917008479586
+918895805386
+917008987051
+919438014355
+919438877376
+917004140605
+919031391555
+91Pppppppp
+918249703775
+917894016188
+919348489747
+917735745592
+91ଊ,ଊଊaRahaHaiNasongs,byNarendraSinghAR,NarendraebyNarendrabhaibybyNarendraSinghNa
+919301332525
+919797660535
+919861920320
+918303021217
+918838371933
9776246544
8839371933
+917077538828
8249139379
8526222229
7377298618
7008102106
9447735530
9178278078
9439666263
82_34947472
7205174188
9437210677
+917377935248
7873250319
+91 8598893995
+919938790865
824 957 5210
9938028933
7894016188
8637233939
9437412621
9797660535
8210131557
7903439831
8966002371
9090093851
9111005589
9776994301
9204617322
8763287710
+918144622870
9452935110
9263630979
+912mlkTbqH
+918596842970
.9437051548
9098027360
8763721900
9934925249
8800524312
9178941857
8287140281
7682854312
7008412365
+919429998226
+918895501485
76088 06893
7978922976
7903480506
8210421117
+917978541661
+919583633939
9800782352
+917008685867
7008926574
7008878714
9090450168
+917978395970
8079846703
+918093413698
+918908343211
9776782579
+919776782579
9733908577
9039336760
7021288834
9437802553
7011370730
7873008168
+917894891055
+919731544446
+918328826533
9827160417
7004362193
9518695186
7000604549
+917000604549
9668276687
9424180551
94711 17253
7008959467
+918117986345
+91EZZrijiboimeyeccfccDDl.jhxxcBB
+91Iihuunuuñ
8457841917
9337373337
7425924262
8917672214
7870042048
9668016551
9937343138
9938378543
9178576783
8873035933
9692567758
9237272755
8962915970
9437028425
9465296397
7077205366
+917077205366
9776713755
9337171524
6202857845
7722090944
9708555576
8270454942
8249332143
+918249332143
7377470716
7008686210
9090778861
7008968086
9437223113
+917064289999
8709446451
8018989142
7903887056
+917903887056
76675 76371
+919439869235
8824128141
7008160542
8018194889
8827395669
9437091335
9304787747
9835365491
8328917430
8790356047
9853290156
8260646839
9938294233
8459293860
6299086631
9438325034
9905549435
8092108508
+919337063669
+917873498647
+917NJX8Wtt
8260939485
+61469789454
+918763029182
+919425575051
+918825155720
+919937206888
+919199882247
+917903496837
+917765949497
+91YqJyz4BL
+919938413696
+919769705815
+917008180423
+918093369992
+919937280026
+918457055582
9353015074
+918327775457
+917978687845
+919776321753
+917986074317
+917903580962
+917978826282
+918984979490
+917008500836
+919437249949
+918917310998
+918895510708
9090492220
9078690456
8599888853
9437979490
99372 84888
9523234897
9437780955
9340639079
9437880141
9110102193
9518592473
9040297770
7205558376
7209852327
70083 82263
9434037702
7008615361
9861776537
8917404332
7077884544
8585074317
7978657295
9337367784
7782871786
9937884069
9709075925
+918118031743
9279306510
891 736 6602
8280815311
9861362020
9776710097
9437137288
8280097869
7377786817
9861335300
7894192707
9043455341
+919437492814
+917978722769
9861068713
8908914399
9853201946
+919348555313
7004789454
+917004789454
+917978769871
7898998999
+917008910629
9937526972
9279726725
8294006708
7488084695
9337400437
9861251839
7828403126
+91We
7999925379
8763907135
9934521878
9776761403
9472778832
9777446827
+919131840179
+919439669566
9337173997
7008875059
+919178823315
9437719636
9439731223
+917504330761
8917437949
9556527173
8984846250
7978533765
9556631353
+918658557697
+917077227650
+918087001523
+919007319945
7485845039
7809294857
9546092001
6370576923
637054224
+919777826969
9583591188
7751862963
9178912313
+917750983409
+91Icrc4O5O
9439853854
9987741277
7683911830
+91EVyNpbfW
+917847055815
+919827948971
+919438204184
+919439223648
+917008598570
+9199999999
8327766438
+917978630436
+919438877469
9861741180
7828424205
9538527428
9348112409
9437187153
+919937687284
9754746119
79780 30581
+918968343259
7978584614
8456935014
9391735929
+91Geutzteees
8018107512
7042062415
9861658011
9348847022
9993160500
8093643603
+919776125341
+917008616140
6202544028
+919348932799
9692225030
7739235949
+917077385411
7735164755
9861777222
7008427745
+917008417745
7789848092
6371126612
+919090650789
88099 38209
8456941219
+393510648705
9709079555
9853902356
8092137619
918328849380
9199928889
+917978531048
9124342552
7978515018
9304364252
+919835413797
+919348620799
+918280321337
7696639588
+917894392939
+917008817470
+919124714232
+912345678901
+917008687229
+918249276101
+918338889690
8789296003
+917008672902
+917978531053
+919437051891
+918946061378
+91zkCfxRRy
+917903952809
+917735252868
+919437063293
+916204815728
+918658149551
+919937196618
+918107157851
+919178867598
99314 10093
9682139271
8455889025
9438150517
927001038
9937274107
9937853648
7764922783
9827587612
93377 52918
8847852331
9343831625
8658552027
9955573994
9437685806
9534444002
9338159776
9263834843
9425564831
805173314
7978793174
9029545684
6205331669
+917008060128
9078800589
+919937477747
7050026446
9074373845
94372 94232
9304170711
+971545496656
7008536282
+91Jyryituyt
9040942322
+919040942322
9334363545
+919334363545
8249406016
+918319830043
+919431737866
+91918328964901
+918249406016
+919668995223
8260350435
6370851716
8984439516
+917873745342
7787006970
747 033 1455
7873337776
9437057001
8917605958
98999 43552
7705945216
9658054022
+918145280200
+917978557541
9776601155
9778126121
9937398682
7894172143
8018043112
9040458681
9861225851
8897066668
9438425601
9438529267
+919937812901
9078668820
9523894738
9938720039
9040877105
9937189888
9861325695
9938094544
9556776256
+919556776256
6370951760
+917509999549
+916371905165
+917008396831
+919437042175
7484052617
9006606909
9439392972
7050321248
7008005013
9437064693
+918338028117
7360000769
9861488558
9040360990
9937632565
7978993991
+917373581749
9178446453
8249319064
7609062541
9437586155
+919438055117
8457814189
8946061378
+919040075310
7070384387
+917070384387
7752020985
+919937367071
+919438226644
+919439392233
+919437163854
+919438373888
+919438771375
+919437130565
+919692626210
+919437257707
+919437500029
+919437158565
+919937558566
+919439241693
+919437121303
+919861206143
+919608873972
+919437253415
9937481352
+9198765434567
9709210647
+917853956305
9778188188
7008241385 🌄
98613166624
7978559455
+918327792814
+918763280836
99381 03577
+917854064339
9090354720
9437346251
9692131560
7008616863
+918800621989
9938723917
9040637542
9337681984
8093276815
8895783180
9776656999
+919776656999
8917200966
9437161093
9583111173
7008953873
9777088836
+918658979164
9437331113
+919433546554
9827683009
9938723204
7008930264
+917008131577
9776689400
+918249567276
9100169574
8617499086
8969980573
9040803114
7008532960
7205760054
+918000590650
+919777441684
9285318120
+918797460685
9437305103
9827401258
7008707879
9430189801
9937657378
9437131494
9776037800
9938191522
9439733889
9892443814
+917894671564
+916371393966
+919938236484
9499941128
+919499941128
9438397875
7978636267
7488112071
+91 94381 17776
8984323164
7717767671
+917727767672
8917228264
+918917228264
8769085573
9955660680
7873870917
9556313856
9777206995
9778886777
9861186125
+919348123637
7008435882
8895138001
9348139869
+919703972854
8606368637
+918617388893
7008476141
+917008476141
7077626020
978490708
+918144055283
7978563653
8895501922
9437024588
7008831490
8085075031
8249751049
8847815640
8144061292
7894454444
6371433507
8018616971
8660264401
6370093022
8018594974
+918260312907
+917.
8596964653
9662880722
9937142857
9776060360
8917446963
7737173425
9040048649
9386609800
8144110947
7978787994
7008564610
+917008564610
7978096692
9938532804
+916439116000
+916200269550
+917008059292
+917381573234
+916598803510
+917008564160
+918018481312
+919861032994
+918018348027
+919090229913
+919807525412
+91S
+918776543222
+917008779834
+918908119664
+918789158475
+917008516040
+917978016734
+917008042059
9437126434
7008708976
9431301864
7008156124
8480499603
7008548709
9136985266
9304226377
+918260867153
7077131079
9439686753
9238394050
8375977791
9835379180
9437753799
+918319851492
9905348380
7008564160
9337665811
9437278383
7735594363
9668678473
9938442972
7978541317
9583153557
7787903098
7682858187
8908281184
8249217801
8328927739
7377292024
80184 81312
93861 06111
8917220127
9040798120
8018348027
9937174332
7735981894
7008629107
9938909257
9852738531
9040467369
9668787291
9178878731
8295737608
7760774150
6203676738
7008059192
7008779834
9437189415
8763508169
7008253973
+917008253973
7682067171
+917682067172
9437153305
+918763612006
8943804964
7008684846
7978186464
+919123437453
7894573945
8847812173
+919777666134
8342944498
+918342944498
7809633244
+917326984196
7978433009
7677755417
9777467183
7681845766
7008994439
8249775051
7735288944
+917008407573
9583255563
+9583255562
9861194104
+919074373845
+91O9437161093
7909030501
70771 11131
+918018681387
+91VYFpjGQl
8697206876
8986881196
7978613299
9776235000
6371399409
8457062123
9861099618
+919861098618
9861768455
7694054166
7008487828
8005234634
+918722322300
+919861370168
9861109139
+91777777777
9040405013
+917978699935
7205210236
7008282628
9709588880
99383 90441
+919853277699
+919090236045
8249692713
9078214555
7752028377
8500003079
+918668922940
8249367964
7008700954
7093887093
8409091647
8982652797
9437489149
8292689991
+918917347282
8342886686
9778056762
9668163093
+917978684811
7752042877
9752806682
9853088458
6371997992
9040001760
8210040351
7008430029
8327711933
9200036869
7978911285
6370608560
9776110163
8895455555
9090236905
7008661342
8763855755
9124987666
9438690499
9507559005
+918294044421
9337248823
9955208639
9709016380
+919709016380
8249294318
8917224201
7738128832
9437085992
7587037181
7012236042
7894613834
9937599452
9861154621
9861189127
9437647547
93385 67937
7066057236
9865096971
6370591163
9693194656
9431170287
8249333515
8249667946
+918249667946
8092542221
9993520878
9556497945
9777088121
9658090191
+917684888825
7033337881
9348801636
7736579048
+916205137751
9122010437
9470361108
96085 92734
+918895350779
7008308418
+917008308418
8455885812
9955746487
9938632362
8249463243
9937491233
+916370178956
7377304450
+916370727631
9777911411
+919348052418
9337283345
9437036210
+919437036210
+917847877256
9040050121
+91Aaaaa
+919303318061
9340451157
8114919783
+918114919783
7000175090
+91pk
+918249353419
8455868143
6205235334
+919439496639
+917760558897
9438372227
9778165633
8144442469
+919871137045
9937341119
9039267326
8249401147
+919337051776
8984884244
7847801216
7207051500
8327705825
9386070011
8455852646
8895544444
+919348341306
+919040517652
+919801758883
+917204773291
+919438076479
+919040083955
+916371262062
+917008941459
+917873303744
+918637234931
+91UpE0dOuc
9438047150
9827171158
9541498696
9348271382
8917461011
7205819919
8658249435
9337478898
9608957645
7894410686
9861308689
9439154393
9939707862
9861455549
9801758883
9078995669
9430935931
7098194444
9337161302
8658308952
9668822660
7008144091
7978285981
9668546623
9437662798
9178094773
8770177360
8658249444
6207797763
7978543928
8093381258
9905701498
8917506850
7992232984
9437603901
9861959768
9424259311
7855862089
9437014775
9437045065
9937818728
8210640082
9090355726
7978574880
6266168358
9178225766
9638530666
7903875449
9178838484
7978469193
8908746428
9337762111
+919337762111
7978931697
8249905243
7327995558
8328915453
8951738601
8951668908
9337121371
+919128814268
7008336187
9937116877
9987688164
+919630878019
7978520077
8249572849
+918249572849
+919556550557
8908812737
+919937011884
+919778899998
7205077000
+916370575612
9668085617
9090894727
9437357067
9861829433
7894909856
9337141223
8847874919
8144893264
+917847911210
8018173491
9953560021
9437315737
7008660136
8895856146
7008854206
+917008854206
9937058524
9861042306
9938596474
9439355556
9438645931
9853244699
8117965070
8296586544
9178456362
9987644221
8763782795
8454095963
+918895504878
99371 97478
8877334180
8249860255
+918249860255
7905576616
6300810183
9668676640
9937474600
8456918344
8053486455
9124400442
9437850932
9861678690
8270814148
7635810353
+917635810353
9777990712
+917504929300
7735460277
+917878787878
9438483086
8879526868
+918850319001
7488754934
9439040187
+917008716027
+91aLSqQAp7
+917751855522
+917978034906
+917978249869
+919338667797
+918260819519
+919853800147
+917978670852
+919090011818
+919437964349
+917008676778
+917978016320
+91999999999
+917008211345
+918093830503
8982567210
7847893774
7008211345
9945597986
8789439052
7337595481
7008284761
9668213288
9404404350
9437089611
8709737459
8331895532
7506053457
9339348740
9938843736
8895942357
8249934613
7064842222
9570193560
7008613687
7735269446
9438112808
7978310268
7008676778
8093143272
9777755529
9178741882
7205766640
+917029733094
+917008518843
9988760286
7064137252
9337389956
9777493777
+916371330474
9938767599
7809208177
9777954438
9178341147
9937316814
9692625200
+919437144151
8327777848
8895503375
+91Ispatgeneralhospital
6370957493
7008636088
9178198938
+91000000000
7809092222
8019034562
7852929490
9437991495
7367867268
9438643884
7008068043
7978512498
9437612503
8004214098
9556611949
7077927632
7008552037
8328871090
+917008552037
9861378485
7978925380
+919668876227
80556 16038
+917406799952
7809604581
+919337214840
8328879352
7978576308
8917689054
+919937195361
+91s8n6ErEm
6370546557
+916370546557
+919853404529
9348402839
7848912565
9778197431
7415774939
9437225389
+91hREEm0Jj
7894609727
6005809959
9178115389
+919178115389
7008784839
9178722512
9437181364
8593945999
9437214372
9472075103
9439900588
9040101107
9437100796
8249151794
+91drgrdt
7008358369
8249801374
9113472274
+917608873476
9871902089
7008795022
+917008795022
9789597650
9437286429
9777645963
+917978410091
7797485855
8895443711
9827466566
7978015418
+91-7978015418
8327749207
6352544908
9437166755
9439661305
9124863020
8249143173
9438311277
7606011615
8658506955
9937195888
7789894960
8085955931
8018098832
+917978861592
7894442788
7987063834
7978001368
9777079707
7735330766
9427954960
6371991157
8926324949
9753211114
9204652862
7873227001
9348204361
9438603965
9078193028
+917008500755
7033155255
7205728868
8596852989
9329788988
9556811423
+919556911423
8553326015
9937561561
7064669999
6371021558
7978490425
9679841858
9337918013
9853787087
7008879269
7541021419
9078925707
9438455137
7750872323
9937090830
9437058795
9776002534
7377577972
+919937322567
+919040617562
+919438866974
+918455455443
+91NA
+919838335366
+919124416869
+917978444199
+917205481520
+919658334720
+918018433300
+919938711732
+919427253384
+917008535624
+916370514603
+919938532885
+917655807366
+917381401111
+918895002016
+918547663717
+919479754327
+918847891236
+919040099933
+919439021218
+917008971976
+917841988713
+919337320522
+919439613054
+91NGQR1bey
+918895216111
+918917664611
+918766707886
+917978502806
+919883224369
+919040080221
+918763699281
+918079860754
+919438792332
+917567855788
+916297066099
+915541098795
+912066196809
+919837682334
+916375072884
+916139627781
+914846549134
+919938277476
+919348423195
+917846806661
+918103844753
+917683976887
+919777070105
+919865432222
+919658913716
+917086250094
+916371149562
+917974801127
+918895838821
+917000944063
+91(08)08484-7022
+91Okeygorandomhttps://www.google.com/
+917387273471
+918668028352
+919064061760
+919583851610
+917008278112
+918249522390
+91ETBleb0i
+919668659673
+917978564759
+917999531174
7077920622
9348209861
9776460573
7377826508
9437089015
7008793319
9768070706
8658469730
9431770776
7854815383
7008419703
8249522390
8984722691
8917431567
9439188233
9924279350
9661686712
8599898537
7000944063
7004754653
9040080221
6266944295
9437904907
9937251387
9583381311
9861796519
9777310520
9937119060
7008154746
+918984555238
7978446952
8637263798
8348278095
9178383851
9556970458
9669200690
7992355788
7980899146
9778706788
9853934510
7999925379
+919078064355
8328852642
9939595231
9437647805
7752059522
7504642619
9556437925
8118032360
9893340000
9165116756
9439838970
9938661641
7700022188
6371431876
9437972136
8280692476
9861104659
9124712344
9556860812
7978502930
7008738659
9937040851
8596949301
8763649850
9777707060
9937831715
8349326782
9437962513
9111873900
9329106740
9437660531
+918917420061
+918327786400
+916370543890
+919853074468
+919776183554
+919938696920
+918658533241
+918249468216
9437244801
7873937378
70612 81988
9558443361
8249468216
9777816985
9054061328
8917235710
9040758482
7765975777
7384653387
7549729976
7854834716
8594900500
9777711524
6361699808
8763792002
9777109467
9827940127
9668824208
8917389951
7684884148
6200093925
7853923570
9113787033
7978803653
9439654771
7978303686
+918917235710
9556820022
7008325474
+917008325474
+919835406606
9861928483
7381913087
8917489157
7684020413
7855009670
+919438086353
+917008803287
8763148152
+918018570372
9090360092
9078144944
6370796274
+91hbjnm
+91sdfsdf
7008467613
8770477007
9692111456
9937206111
7077772670
9337166180
9826414444
7003366277
7008784858
9971165211
93474 99540
7012248686
7717757270
7848000027
7008801326
82715 71127
9078779862
9853857159
8811080347
9934622428
9490277755
9439725488
9437543432
9668423299
7205151958
9437342805
+91Paji
+919929878787
9438848753
7377514128
+918249182326
+918217805896
8755263824
9437359123
9778510001
+917008010496
7387991279
9437044902
+919826348447
9078864006
7978331674
6371236248
+919777995857
9304737951
9348515799
9437196709
9437344462
9861242028
7008797016
9551503567
8908025701
+919338799936
7358318676
9124140180
7008272209
+916371415560
+918235697016
8328929630
7042277887
7070778392
8285848949
6281782558
7903881413
9437261846
+919658763151
+919262294368
+918917396661
7077680186
8904450124
7755912813
8917396661
9262294348
8018831874
9572124129
9337287551
9861788126
8249493100
+919538367335
7205114141
9853415415
9237059019
9124848482
7766837474
9338825169
9437579645
9238307298
9437052103
6666666666
8895557257
6202365760
7795732285
7064499450
7873189574
8339097086
8328851811
6267784447
9006606909
9668838866
8651361761
500002
9630158773
8763690528
9338549789
8959242008
9308496508
9437335373
9937730433
+9109876558625
8117045525
9437180075
7000707255
+919778116339
9700585251
9008417722
9338270370
7855914841
7292016702
9556883830
7011370730
7978672383